/*--------------------------------*- C++ -*----------------------------------*\
  =========                 |
  \\      /  F ield         | OpenFOAM: The Open Source CFD Toolbox
   \\    /   O peration     | Website:  https://openfoam.org
    \\  /    A nd           | Version:  7
     \\/     M anipulation  |
\*---------------------------------------------------------------------------*/
FoamFile
{
    version     2.0;
    format      ascii;
    class       cellSet;
    location    "constant/polyMesh/sets";
    object      intrusion;
}
// * * * * * * * * * * * * * * * * * * * * * * * * * * * * * * * * * * * * * //


13257
(
3933 
3934 
3935 
3936 
3937 
3938 
3939 
3940 
3941 
3942 
3943 
3944 
3945 
3946 
3947 
3948 
3949 
3950 
3951 
3952 
3953 
3954 
3955 
3956 
3957 
3958 
3959 
3960 
3961 
3962 
3963 
3964 
3965 
3966 
3967 
3968 
3969 
3970 
3971 
3972 
3973 
3974 
3975 
3976 
3977 
3978 
3979 
3980 
3981 
3982 
3983 
3984 
3985 
3986 
3987 
3988 
3989 
3990 
3991 
3992 
3993 
3994 
3995 
3996 
3997 
3998 
3999 
4000 
4001 
4002 
4003 
4004 
4005 
4006 
4007 
4008 
4009 
4010 
4011 
4012 
4013 
4014 
4015 
4016 
4017 
4018 
4019 
4020 
4021 
4022 
4023 
4024 
4025 
4026 
4027 
4028 
4029 
4030 
4031 
4032 
4033 
4034 
4035 
4036 
4037 
4038 
4039 
4040 
4041 
4042 
4043 
4044 
4045 
4046 
4047 
4048 
4049 
4050 
4051 
4052 
4053 
4054 
4055 
4056 
4057 
4058 
4059 
4060 
4061 
4062 
4063 
4064 
4065 
4066 
4067 
4068 
4069 
4070 
4071 
4072 
4073 
4074 
4075 
4076 
4077 
4078 
4079 
4080 
4081 
4082 
4083 
4084 
4085 
4086 
4087 
4088 
4089 
4090 
4091 
4092 
4093 
4094 
4095 
4096 
4097 
4098 
4099 
4100 
4101 
4102 
4103 
4104 
4105 
4106 
4107 
4108 
4109 
4110 
4111 
4112 
4113 
4114 
4115 
4116 
4117 
4118 
4119 
4120 
4121 
4122 
4123 
4124 
4125 
4126 
4127 
4128 
4129 
4130 
4131 
4132 
4133 
4134 
4135 
4136 
4137 
4138 
4139 
4140 
4141 
4142 
4143 
4144 
4145 
4146 
4147 
4148 
4149 
4150 
4151 
4152 
4153 
4154 
4155 
4156 
4157 
4158 
4159 
4160 
4161 
4162 
4163 
4164 
4165 
4166 
4167 
4168 
4169 
4170 
4171 
4172 
4173 
4174 
4175 
4176 
4177 
4178 
4179 
4180 
4181 
4182 
4183 
4184 
4185 
4186 
4187 
4188 
4189 
4190 
4191 
4192 
4193 
4194 
4195 
4196 
4197 
4198 
4199 
4200 
4201 
4202 
4203 
4204 
4205 
4206 
4207 
4208 
4209 
4210 
4211 
4212 
4213 
4214 
4215 
4216 
4217 
4218 
4219 
4220 
4221 
4222 
4223 
4224 
4225 
4226 
4227 
4228 
4229 
4230 
4231 
4232 
4233 
4234 
4235 
4236 
4237 
4238 
4239 
4240 
4241 
4242 
4243 
4244 
4245 
4246 
4247 
4248 
4249 
4250 
4251 
4252 
4253 
4254 
4255 
4256 
4257 
4258 
4259 
4260 
4261 
4262 
4263 
4264 
4265 
4266 
4267 
4268 
4269 
4270 
4271 
4272 
4273 
4274 
4275 
4276 
4277 
4278 
4279 
4280 
4281 
4282 
4283 
4284 
4285 
4286 
4287 
4288 
4289 
4290 
4291 
4292 
4293 
4294 
4295 
4296 
4297 
4298 
4299 
4300 
4301 
4302 
4303 
4304 
4305 
4306 
4307 
4308 
4309 
4310 
4311 
4312 
4313 
4314 
4315 
4316 
4317 
4318 
4319 
4320 
4321 
4322 
4323 
4324 
4325 
4326 
4327 
4328 
4329 
4330 
4331 
4332 
4333 
4334 
4335 
4336 
4337 
4338 
4339 
4340 
4341 
4342 
4343 
4344 
4345 
4346 
4347 
4348 
4349 
4350 
4351 
4352 
4353 
4354 
4355 
4356 
4357 
4358 
4359 
4360 
4361 
4362 
4363 
4364 
4365 
4366 
4367 
4368 
4369 
4370 
4371 
4372 
4373 
4374 
4375 
4376 
4377 
4378 
4379 
4380 
4381 
4382 
4383 
4384 
4385 
4386 
4387 
4388 
4389 
4390 
4391 
4392 
4393 
4394 
4395 
4396 
4397 
4398 
4399 
4400 
4401 
4402 
4403 
4404 
4405 
4406 
4407 
4408 
4409 
4410 
4411 
4412 
4413 
4414 
4415 
4416 
4417 
4418 
4419 
4420 
4421 
4422 
4423 
4424 
4425 
4426 
4427 
4428 
4429 
4430 
4431 
4432 
4433 
4434 
4435 
4436 
4437 
4438 
4439 
4440 
4441 
4442 
4443 
4444 
4445 
4446 
4447 
4448 
4449 
4450 
4451 
4452 
4453 
4454 
4455 
4456 
4457 
4458 
4459 
4460 
4461 
4462 
4463 
4464 
4465 
4466 
4467 
4468 
4469 
4470 
4471 
4472 
4473 
4474 
4475 
4476 
4477 
4478 
4479 
4480 
4481 
4482 
4483 
4484 
4485 
4486 
4487 
4488 
4489 
4490 
4491 
4492 
4493 
4494 
4495 
4496 
4497 
4498 
4499 
4500 
4501 
4502 
4503 
4504 
4505 
4506 
4507 
4508 
4509 
4510 
4511 
4512 
4513 
4514 
4515 
4516 
4517 
4518 
4519 
4520 
4521 
4522 
4523 
4524 
4525 
4526 
4527 
4528 
4529 
4530 
4531 
4532 
4533 
4534 
4535 
4536 
4537 
4538 
4539 
4540 
4541 
4542 
4543 
4544 
4545 
4546 
4547 
4548 
4549 
4550 
4551 
4552 
4553 
4554 
4555 
4556 
4557 
4558 
4559 
4560 
4561 
4562 
4563 
4564 
4565 
4566 
4567 
4568 
4569 
4570 
4571 
4572 
4573 
4574 
4575 
4576 
4577 
4578 
4579 
4580 
4581 
4582 
4583 
4584 
4585 
4586 
4587 
4588 
4589 
4590 
4591 
4592 
4593 
4594 
4595 
4596 
4597 
4598 
4599 
4600 
4601 
4602 
4603 
4604 
4605 
4606 
4607 
4608 
4609 
4610 
4611 
4612 
4613 
4614 
4615 
4616 
4617 
4618 
4619 
4620 
4621 
4622 
4623 
4624 
4625 
4626 
4627 
4628 
4629 
4630 
4631 
4632 
4633 
4634 
4635 
4636 
4637 
4638 
4639 
4640 
4641 
4642 
4643 
4644 
4645 
4646 
4647 
4648 
4649 
4650 
4651 
4652 
4653 
4654 
4655 
4656 
4657 
4658 
4659 
4660 
4661 
4662 
4663 
4664 
4665 
4666 
4667 
4668 
4669 
4670 
4671 
4672 
4673 
4674 
4675 
4676 
4677 
4678 
4679 
4680 
4681 
4682 
4683 
4684 
4685 
4686 
4687 
4688 
4689 
4690 
4691 
4692 
4693 
4694 
4695 
4696 
4697 
4698 
4699 
4700 
4701 
4702 
4703 
4704 
4705 
4706 
4707 
4708 
4709 
4710 
4711 
4712 
4713 
4714 
4715 
4716 
4717 
4718 
4719 
4720 
4721 
4722 
4723 
4724 
4725 
4726 
4727 
4728 
4729 
4730 
4731 
4732 
4733 
4734 
4735 
4736 
4737 
4738 
4739 
4740 
4741 
4742 
4743 
4744 
4745 
4746 
4747 
4748 
4749 
4750 
4751 
4752 
4753 
4754 
4755 
4756 
4757 
4758 
4759 
4760 
4761 
4762 
4763 
4764 
4765 
4766 
4767 
4768 
4769 
4770 
4771 
4772 
4773 
4774 
4775 
4776 
4777 
4778 
4779 
4780 
4781 
4782 
4783 
4784 
4785 
4786 
4787 
4788 
4789 
4790 
4791 
4792 
4793 
4794 
4795 
4796 
4797 
4798 
4799 
4800 
4801 
4802 
4803 
4804 
4805 
4806 
4807 
4808 
4809 
4810 
4811 
4812 
4813 
4814 
4815 
4816 
4817 
4818 
4819 
4820 
4821 
4822 
4823 
4824 
4825 
4826 
4827 
4828 
4829 
4830 
4831 
4832 
4833 
4834 
4835 
4836 
4837 
4838 
4839 
4840 
4841 
4842 
4843 
4844 
4845 
4846 
4847 
4848 
4849 
4850 
4851 
4852 
4853 
4854 
4855 
4856 
4857 
4858 
4859 
4860 
4861 
4862 
4863 
4864 
4865 
4866 
4867 
4868 
4869 
4870 
4871 
4872 
4873 
4874 
4875 
4876 
4877 
4878 
4879 
4880 
4881 
4882 
4883 
4884 
4885 
4886 
4887 
4888 
4889 
4890 
4891 
4892 
4893 
4894 
4895 
4896 
4897 
4898 
4899 
4900 
4901 
4902 
4903 
4904 
4905 
4906 
4907 
4908 
4909 
4910 
4911 
4912 
4913 
4914 
4915 
4916 
4917 
4918 
4919 
4920 
4921 
4922 
4923 
4924 
4925 
4926 
4927 
4928 
4929 
4930 
4931 
4932 
4933 
4934 
4935 
4936 
4937 
4938 
4939 
4940 
4941 
4942 
4943 
4944 
4945 
4946 
4947 
4948 
4949 
4950 
4951 
4952 
4953 
4954 
4955 
4956 
4957 
4958 
4959 
4960 
4961 
4962 
4963 
4964 
4965 
4966 
4967 
4968 
4969 
4970 
4971 
4972 
4973 
4974 
4975 
4976 
4977 
4978 
4979 
4980 
4981 
4982 
4983 
4984 
4985 
4986 
4987 
4988 
4989 
4990 
4991 
4992 
4993 
4994 
4995 
4996 
4997 
4998 
4999 
5000 
5001 
5002 
5003 
5004 
5005 
5006 
5007 
5008 
5009 
5010 
5011 
5012 
5013 
5014 
5015 
5016 
5017 
5018 
5019 
5020 
5021 
5022 
5023 
5024 
5025 
5026 
5027 
5028 
5029 
5030 
5031 
5032 
5033 
5034 
5035 
5036 
5037 
5038 
5039 
5040 
5041 
5042 
5043 
5044 
5045 
5046 
5047 
5048 
5049 
5050 
5051 
5052 
5053 
5054 
5055 
5056 
5057 
5058 
5059 
5060 
5061 
5062 
5063 
5064 
5065 
5066 
5067 
5068 
5069 
5070 
5071 
5072 
5073 
5074 
5075 
5076 
5077 
5078 
5079 
5080 
5081 
5082 
5083 
5084 
5085 
5086 
5087 
5088 
5089 
5090 
5091 
5092 
5093 
5094 
5095 
5096 
5097 
5098 
5099 
5100 
5101 
5102 
5103 
5104 
5105 
5106 
5107 
5108 
5109 
5110 
5111 
5112 
5113 
5114 
5115 
5116 
5117 
5118 
5119 
5120 
5121 
5122 
5123 
5124 
5125 
5126 
5127 
5128 
5129 
5130 
5131 
5132 
5133 
5134 
5135 
5136 
5137 
5138 
5139 
5140 
5141 
5142 
5143 
5144 
5145 
5146 
5147 
5148 
5149 
5150 
5151 
5152 
5153 
5154 
5155 
5156 
5157 
5158 
5159 
5160 
5161 
5162 
5163 
5164 
5165 
5166 
5167 
5168 
5169 
5170 
5171 
5172 
5173 
5174 
5175 
5176 
5177 
5178 
5179 
5180 
5181 
5182 
5183 
5184 
5185 
5186 
5187 
5188 
5189 
5190 
5191 
5192 
5193 
5194 
5195 
5196 
5197 
5198 
5199 
5200 
5201 
5202 
5203 
5204 
5205 
5206 
5207 
5208 
5209 
5210 
5211 
5212 
5213 
5214 
5215 
5216 
5217 
5218 
5219 
5220 
5221 
5222 
5223 
5224 
5225 
5226 
5227 
5228 
5229 
5230 
5231 
5232 
5233 
5234 
5235 
5236 
5237 
5238 
5239 
5240 
5241 
5242 
5243 
5244 
5245 
5246 
5247 
5248 
5249 
5250 
5251 
5252 
5253 
5254 
5255 
5256 
5257 
5258 
5259 
5260 
5261 
5262 
5263 
5264 
5265 
5266 
5267 
5268 
5269 
5270 
5271 
5272 
5273 
5274 
5275 
5276 
5277 
5278 
5279 
5280 
5281 
5282 
5283 
5284 
5285 
5286 
5287 
5288 
5289 
5290 
5291 
5292 
5293 
5294 
5295 
5296 
5297 
5298 
5299 
5300 
5301 
5302 
5303 
5304 
5305 
5306 
5307 
5308 
5309 
5310 
5311 
5312 
5313 
5314 
5315 
5316 
5317 
5318 
5319 
5320 
5321 
5322 
5323 
5324 
5325 
5326 
5327 
5328 
5329 
5330 
5331 
5332 
5333 
5334 
5335 
5336 
5337 
5338 
5339 
5340 
5341 
5342 
5343 
5344 
5345 
5346 
5347 
5348 
5349 
5350 
5351 
5352 
5353 
5354 
5355 
5356 
5357 
5358 
5359 
5360 
5361 
5362 
5363 
5364 
5365 
5366 
5367 
5368 
5369 
5370 
5371 
5372 
5373 
5374 
5375 
5376 
5377 
5378 
5379 
5380 
5381 
5382 
5383 
5384 
5385 
5386 
5387 
5388 
5389 
5390 
5391 
5392 
5393 
5394 
5395 
5396 
5397 
5398 
5399 
5400 
5401 
5402 
5403 
5404 
5405 
5406 
5407 
5408 
5409 
5410 
5411 
5412 
5413 
5414 
5415 
5416 
5417 
5418 
5419 
5420 
5421 
5422 
5423 
5424 
5425 
5426 
5427 
5428 
5429 
5430 
5431 
5432 
5433 
5434 
5435 
5436 
5437 
5438 
5439 
5440 
5441 
5442 
5443 
5444 
5445 
5446 
5447 
5448 
5449 
5450 
5451 
5452 
5453 
5454 
5455 
5456 
5457 
5458 
5459 
5460 
5461 
5462 
5463 
5464 
5465 
5466 
5467 
5468 
5469 
5470 
5471 
5472 
5473 
5474 
5475 
5476 
5477 
5478 
5479 
5480 
5481 
5482 
5483 
5484 
5485 
5486 
5487 
5488 
5489 
5490 
5491 
5492 
5493 
5494 
5495 
5496 
5497 
5498 
5499 
5500 
5501 
5502 
5503 
5504 
5505 
5506 
5507 
5508 
5509 
5510 
5511 
5512 
5513 
5514 
5515 
5516 
5517 
5518 
5519 
5520 
5521 
5522 
5523 
5524 
5525 
5526 
5527 
5528 
5529 
5530 
5531 
5532 
5533 
5534 
5535 
5536 
5537 
5538 
5539 
5540 
5541 
5542 
5543 
5544 
5545 
5546 
5547 
5548 
5549 
5550 
5551 
5552 
5553 
5554 
5555 
5556 
5557 
5558 
5559 
5560 
5561 
5562 
5563 
5564 
5565 
5566 
5567 
5568 
5569 
5570 
5571 
5572 
5573 
5574 
5575 
5576 
5577 
5578 
5579 
5580 
5581 
5582 
5583 
5584 
5585 
5586 
5587 
5588 
5589 
5590 
5591 
5592 
5593 
5594 
5595 
5596 
5597 
5598 
5599 
5600 
5601 
5602 
5603 
5604 
5605 
5606 
5607 
5608 
5609 
5610 
5611 
5612 
5613 
5614 
5615 
5616 
5617 
5618 
5619 
5620 
5621 
5622 
5623 
5624 
5625 
5626 
5627 
5628 
5629 
5630 
5631 
5632 
5633 
5634 
5635 
5636 
5637 
5638 
5639 
5640 
5641 
5642 
5643 
5644 
5645 
5646 
5647 
5648 
5649 
5650 
5651 
5652 
5653 
5654 
5655 
5656 
5657 
5658 
5659 
5660 
5661 
5662 
5663 
5664 
5665 
5666 
5667 
5668 
5669 
5670 
5671 
5672 
5673 
5674 
5675 
5676 
5677 
5678 
5679 
5680 
5681 
5682 
5683 
5684 
5685 
5686 
5687 
5688 
5689 
5690 
5691 
5692 
5693 
5694 
5695 
5696 
5697 
5698 
5699 
5700 
5701 
5702 
5703 
5704 
5705 
5706 
5707 
5708 
5709 
5710 
5711 
5712 
5713 
5714 
5715 
5716 
5717 
5718 
5719 
5720 
5721 
5722 
5723 
5724 
5725 
5726 
5727 
5728 
5729 
5730 
5731 
5732 
5733 
5734 
5735 
5736 
5737 
5738 
5739 
5740 
5741 
5742 
5743 
5744 
5745 
5746 
5747 
5748 
5749 
5750 
5751 
5752 
5753 
5754 
5755 
5756 
5757 
5758 
5759 
5760 
5761 
5762 
5763 
5764 
5765 
5766 
5767 
5768 
5769 
5770 
5771 
5772 
5773 
5774 
5775 
5776 
5777 
5778 
5779 
5780 
5781 
5782 
5783 
5784 
5785 
5786 
5787 
5788 
5789 
5790 
5791 
5792 
5793 
5794 
5795 
5796 
5797 
5798 
5799 
5800 
5801 
5802 
5803 
5804 
5805 
5806 
5807 
5808 
5809 
5810 
5811 
5812 
5813 
5814 
5815 
5816 
5817 
5818 
5819 
5820 
5821 
5822 
5823 
5824 
5825 
5826 
5827 
5828 
5829 
5830 
5831 
5832 
5833 
5834 
5835 
5836 
5837 
5838 
5839 
5840 
5841 
5842 
5843 
5844 
5845 
5846 
5847 
5848 
5849 
5850 
5851 
5852 
5853 
5854 
5855 
5856 
5857 
5858 
5859 
5860 
5861 
5862 
5863 
5864 
5865 
5866 
5867 
5868 
5869 
5870 
5871 
5872 
5873 
5874 
5875 
5876 
5877 
5878 
5879 
5880 
5881 
5882 
5883 
5884 
5885 
5886 
5887 
5888 
5889 
5890 
5891 
5892 
5893 
5894 
5895 
5896 
5897 
5898 
5899 
5900 
5901 
5902 
5903 
5904 
5905 
5906 
5907 
5908 
5909 
5910 
5911 
5912 
5913 
5914 
5915 
5916 
5917 
5918 
5919 
5920 
5921 
5922 
5923 
5924 
5925 
5926 
5927 
5928 
5929 
5930 
5931 
5932 
5933 
5934 
5935 
5936 
5937 
5938 
5939 
5940 
5941 
5942 
5943 
5944 
5945 
5946 
5947 
5948 
5949 
5950 
5951 
5952 
5953 
5954 
5955 
5956 
5957 
5958 
5959 
5960 
5961 
5962 
5963 
5964 
5965 
5966 
5967 
5968 
5969 
5970 
5971 
5972 
5973 
5974 
5975 
5976 
5977 
5978 
5979 
5980 
5981 
5982 
5983 
5984 
5985 
5986 
5987 
5988 
5989 
5990 
5991 
5992 
5993 
5994 
5995 
5996 
5997 
5998 
5999 
6000 
6001 
6002 
6003 
6004 
6005 
6006 
6007 
6008 
6009 
6010 
6011 
6012 
6013 
6014 
6015 
6016 
6017 
6018 
6019 
6020 
6021 
6022 
6023 
6024 
6025 
6026 
6027 
6028 
6029 
6030 
6031 
6032 
6033 
6034 
6035 
6036 
6037 
6038 
6039 
6040 
6041 
6042 
6043 
6044 
6045 
6046 
6047 
6048 
6049 
6050 
6051 
6052 
6053 
6054 
6055 
6056 
6057 
6058 
6059 
6060 
6061 
6062 
6063 
6064 
6065 
6066 
6067 
6068 
6069 
6070 
6071 
6072 
6073 
6074 
6075 
6076 
6077 
6078 
6079 
6080 
6081 
6082 
6083 
6084 
6085 
6086 
6087 
6088 
6089 
6090 
6091 
6092 
6093 
6094 
6095 
6096 
6097 
6098 
6099 
6100 
6101 
6102 
6103 
6104 
6105 
6106 
6107 
6108 
6109 
6110 
6111 
6112 
6113 
6114 
6115 
6116 
6117 
6118 
6119 
6120 
6121 
6122 
6123 
6124 
6125 
6126 
6127 
6128 
6129 
6130 
6131 
6132 
6133 
6134 
6135 
6136 
6137 
6138 
6139 
6140 
6141 
6142 
6143 
6144 
6145 
6146 
6147 
6148 
6149 
6150 
6151 
6152 
6153 
6154 
6155 
6156 
6157 
6158 
6159 
6160 
6161 
6162 
6163 
6164 
6165 
6166 
6167 
6168 
6169 
6170 
6171 
6172 
6173 
6174 
6175 
6176 
6177 
6178 
6179 
6180 
6181 
6182 
6183 
6184 
6185 
6186 
6187 
6188 
6189 
6190 
6191 
6192 
6193 
6194 
6195 
6196 
6197 
6198 
6199 
6200 
6201 
6202 
6203 
6204 
6205 
6206 
6207 
6208 
6209 
6210 
6211 
6212 
6213 
6214 
6215 
6216 
6217 
6218 
6219 
6220 
6221 
6222 
6223 
6224 
6225 
6226 
6227 
6228 
6229 
6230 
6231 
6232 
6233 
6234 
6235 
6236 
6237 
6238 
6239 
6240 
6241 
6242 
6243 
6244 
6245 
6246 
6247 
6248 
6249 
6250 
6251 
6252 
6253 
6254 
6255 
6256 
6257 
6258 
6259 
6260 
6261 
6262 
6263 
6264 
6265 
6266 
6267 
6268 
6269 
6270 
6271 
6272 
6273 
6274 
6275 
6276 
6277 
6278 
6279 
6280 
6281 
6282 
6283 
6284 
6285 
6286 
6287 
6288 
6289 
6290 
6291 
6292 
6293 
6294 
6295 
6296 
6297 
6298 
6299 
6300 
6301 
6302 
6303 
6304 
6305 
6306 
6307 
6308 
6309 
6310 
6311 
6312 
6313 
6314 
6315 
6316 
6317 
6318 
6319 
6320 
6321 
6322 
6323 
6324 
6325 
6326 
6327 
6328 
6329 
6330 
6331 
6332 
6333 
6334 
6335 
6336 
6337 
6338 
6339 
6340 
6341 
6342 
6343 
6344 
6345 
6346 
6347 
6348 
6349 
6350 
6351 
6352 
6353 
6354 
6355 
6356 
6357 
6358 
6359 
6360 
6361 
6362 
6363 
6364 
6365 
6366 
6367 
6368 
6369 
6370 
6371 
6372 
6373 
6374 
6375 
6376 
6377 
6378 
6379 
6380 
6381 
6382 
6383 
6384 
6385 
6386 
6387 
6388 
6389 
6390 
6391 
6392 
6393 
6394 
6395 
6396 
6397 
6398 
6399 
6400 
6401 
6402 
6403 
6404 
6405 
6406 
6407 
6408 
6409 
6410 
6411 
6412 
6413 
6414 
6415 
6416 
6417 
6418 
6419 
6420 
6421 
6422 
6423 
6424 
6425 
6426 
6427 
6428 
6429 
6430 
6431 
6432 
6433 
6434 
6435 
6436 
6437 
6438 
6439 
6440 
6441 
6442 
6443 
6444 
6445 
6446 
6447 
6448 
6449 
6450 
6451 
6452 
6453 
6454 
6455 
6456 
6457 
6458 
6459 
6460 
6461 
6462 
6463 
6464 
6465 
6466 
6467 
6468 
6469 
6470 
6471 
6472 
6473 
6474 
6475 
6476 
6477 
6478 
6479 
6480 
6481 
6482 
6483 
6484 
6485 
6486 
6487 
6488 
6489 
6490 
6491 
6492 
6493 
6494 
6495 
6496 
6497 
6498 
6499 
6500 
6501 
6502 
6503 
6504 
6505 
6506 
6507 
6508 
6509 
6510 
6511 
6512 
6513 
6514 
6515 
6516 
6517 
6518 
6519 
6520 
6521 
6522 
6523 
6524 
6525 
6526 
6527 
6528 
6529 
6530 
6531 
6532 
6533 
6534 
6535 
6536 
6537 
6538 
6539 
6540 
6541 
6542 
6543 
6544 
6545 
6546 
6547 
6548 
6549 
6550 
6551 
6552 
6553 
6554 
6555 
6556 
6557 
6558 
6559 
6560 
6561 
6562 
6563 
6564 
6565 
6566 
6567 
6568 
6569 
6570 
6571 
6572 
6573 
6574 
6575 
6576 
6577 
6578 
6579 
6580 
6581 
6582 
6583 
6584 
6585 
6586 
6587 
6588 
6589 
6590 
6591 
6592 
6593 
6594 
6595 
6596 
6597 
6598 
6599 
6600 
6601 
6602 
6603 
6604 
6605 
6606 
6607 
6608 
6609 
6610 
6611 
6612 
6613 
6614 
6615 
6616 
6617 
6618 
6619 
6620 
6621 
6622 
6623 
6624 
6625 
6626 
6627 
6628 
6629 
6630 
6631 
6632 
6633 
6634 
6635 
6636 
6637 
6638 
6639 
6640 
6641 
6642 
6643 
6644 
6645 
6646 
6647 
6648 
6649 
6650 
6651 
6652 
6653 
6654 
6655 
6656 
6657 
6658 
6659 
6660 
6661 
6662 
6663 
6664 
6665 
6666 
6667 
6668 
6669 
6670 
6671 
6672 
6673 
6674 
6675 
6676 
6677 
6678 
6679 
6680 
6681 
6682 
6683 
6684 
6685 
6686 
6687 
6688 
6689 
6690 
6691 
6692 
6693 
6694 
6695 
6696 
6697 
6698 
6699 
6700 
6701 
6702 
6703 
6704 
6705 
6706 
6707 
6708 
6709 
6710 
6711 
6712 
6713 
6714 
6715 
6716 
6717 
6718 
6719 
6720 
6721 
6722 
6723 
6724 
6725 
6726 
6727 
6728 
6729 
6730 
6731 
6732 
6733 
6734 
6735 
6736 
6737 
6738 
6739 
6740 
6741 
6742 
6743 
6744 
6745 
6746 
6747 
6748 
6749 
6750 
6751 
6752 
6753 
6754 
6755 
6756 
6757 
6758 
6759 
6760 
6761 
6762 
6763 
6764 
6765 
6766 
6767 
6768 
6769 
6770 
6771 
6772 
6773 
6774 
6775 
6776 
6777 
6778 
6779 
6780 
6781 
6782 
6783 
6784 
6785 
6786 
6787 
6788 
6789 
6790 
6791 
6792 
6793 
6794 
6795 
6796 
6797 
6798 
6799 
6800 
6801 
6802 
6803 
6804 
6805 
6806 
6807 
6808 
6809 
6810 
6811 
6812 
6813 
6814 
6815 
6816 
6817 
6818 
6819 
6820 
6821 
6822 
6823 
6824 
6825 
6826 
6827 
6828 
6829 
6830 
6831 
6832 
6833 
6834 
6835 
6836 
6837 
6838 
6839 
6840 
6841 
6842 
6843 
6844 
6845 
6846 
6847 
6848 
6849 
6850 
6851 
6852 
6853 
6854 
6855 
6856 
6857 
6858 
6859 
6860 
6861 
6862 
6863 
6864 
6865 
6866 
6867 
6868 
6869 
6870 
6871 
6872 
6873 
6874 
6875 
6876 
6877 
6878 
6879 
6880 
6881 
6882 
6883 
6884 
6885 
6886 
6887 
6888 
6889 
6890 
6891 
6892 
6893 
6894 
6895 
6896 
6897 
6898 
6899 
6900 
6901 
6902 
6903 
6904 
6905 
6906 
6907 
6908 
6909 
6910 
6911 
6912 
6913 
6914 
6915 
6916 
6917 
6918 
6919 
6920 
6921 
6922 
6923 
6924 
6925 
6926 
6927 
6928 
6929 
6930 
6931 
6932 
6933 
6934 
6935 
6936 
6937 
6938 
6939 
6940 
6941 
6942 
6943 
6944 
6945 
6946 
6947 
6948 
6949 
6950 
6951 
6952 
6953 
6954 
6955 
6956 
6957 
6958 
6959 
6960 
6961 
6962 
6963 
6964 
6965 
6966 
6967 
6968 
6969 
6970 
6971 
6972 
6973 
6974 
6975 
6976 
6977 
6978 
6979 
6980 
6981 
6982 
6983 
6984 
6985 
6986 
6987 
6988 
6989 
6990 
6991 
6992 
6993 
6994 
6995 
6996 
6997 
6998 
6999 
7000 
7001 
7002 
7003 
7004 
7005 
7006 
7007 
7008 
7009 
7010 
7011 
7012 
7013 
7014 
7015 
7016 
7017 
7018 
7019 
7020 
7021 
7022 
7023 
7024 
7025 
7026 
7027 
7028 
7029 
7030 
7031 
7032 
7033 
7034 
7035 
7036 
7037 
7038 
7039 
7040 
7041 
7042 
7043 
7044 
7045 
7046 
7047 
7048 
7049 
7050 
7051 
7052 
7053 
7054 
7055 
7056 
7057 
7058 
7059 
7060 
7061 
7062 
7063 
7064 
7065 
7066 
7067 
7068 
7069 
7070 
7071 
7072 
7073 
7074 
7075 
7076 
7077 
7078 
7079 
7080 
7081 
7082 
7083 
7084 
7085 
7086 
7087 
7088 
7089 
7090 
7091 
7092 
7093 
7094 
7095 
7096 
7097 
7098 
7099 
7100 
7101 
7102 
7103 
7104 
7105 
7106 
7107 
7108 
7109 
7110 
7111 
7112 
7113 
7114 
7115 
7116 
7117 
7118 
7119 
7120 
7121 
7122 
7123 
7124 
7125 
7126 
7127 
7128 
7129 
7130 
7131 
7132 
7133 
7134 
7135 
7136 
7137 
7138 
7139 
7140 
7141 
7142 
7143 
7144 
7145 
7146 
7147 
7148 
7149 
7150 
7151 
7152 
7153 
7154 
7155 
7156 
7157 
7158 
7159 
7160 
7161 
7162 
7163 
7164 
7165 
7166 
7167 
7168 
7169 
7170 
7171 
7172 
7173 
7174 
7175 
7176 
7177 
7178 
7179 
7180 
7181 
7182 
7183 
7184 
7185 
7186 
7187 
7188 
7189 
7190 
7191 
7192 
7193 
7194 
7195 
7196 
7197 
7198 
7199 
7200 
7201 
7202 
7203 
7204 
7205 
7206 
7207 
7208 
7209 
7210 
7211 
7212 
7213 
7214 
7215 
7216 
7217 
7218 
7219 
7220 
7221 
7222 
7223 
7224 
7225 
7226 
7227 
7228 
7229 
7230 
7231 
7232 
7233 
7234 
7235 
7236 
7237 
7238 
7239 
7240 
7241 
7242 
7243 
7244 
7245 
7246 
7247 
7248 
7249 
7250 
7251 
7252 
7253 
7254 
7255 
7256 
7257 
7258 
7259 
7260 
7261 
7262 
7263 
7264 
7265 
7266 
7267 
7268 
7269 
7270 
7271 
7272 
7273 
7274 
7275 
7276 
7277 
7278 
7279 
7280 
7281 
7282 
7283 
7284 
7285 
7286 
7287 
7288 
7289 
7290 
7291 
7292 
7293 
7294 
7295 
7296 
7297 
7298 
7299 
7300 
7301 
7302 
7303 
7304 
7305 
7306 
7307 
7308 
7309 
7310 
7311 
7312 
7313 
7314 
7315 
7316 
7317 
7318 
7319 
7320 
7321 
7322 
7323 
7324 
7325 
7326 
7327 
7328 
7329 
7330 
7331 
7332 
7333 
7334 
7335 
7336 
7337 
7338 
7339 
7340 
7341 
7342 
7343 
7344 
7345 
7346 
7347 
7348 
7349 
7350 
7351 
7352 
7353 
7354 
7355 
7356 
7357 
7358 
7359 
7360 
7361 
7362 
7363 
7364 
7365 
7366 
7367 
7368 
7369 
7370 
7371 
7372 
7373 
7374 
7375 
7376 
7377 
7378 
7379 
7380 
7381 
7382 
7383 
7384 
7385 
7386 
7387 
7388 
7389 
7390 
7391 
7392 
7393 
7394 
7395 
7396 
7397 
7398 
7399 
7400 
7401 
7402 
7403 
7404 
7405 
7406 
7407 
7408 
7409 
7410 
7411 
7412 
7413 
7414 
7415 
7416 
7417 
7418 
7419 
7420 
7421 
7422 
7423 
7424 
7425 
7426 
7427 
7428 
7429 
7430 
7431 
7432 
7433 
7434 
7435 
7436 
7437 
7438 
7439 
7440 
7441 
7442 
7443 
7444 
7445 
7446 
7447 
7448 
7449 
7450 
7451 
7452 
7453 
7454 
7455 
7456 
7457 
7458 
7459 
7460 
7461 
7462 
7463 
7464 
7465 
7466 
7467 
7468 
7469 
7470 
7471 
7472 
7473 
7474 
7475 
7476 
7477 
7478 
7479 
7480 
7481 
7482 
7483 
7484 
7485 
7486 
7487 
7488 
7489 
7490 
7491 
7492 
7493 
7494 
7495 
7496 
7497 
7498 
7499 
7500 
7501 
7502 
7503 
7504 
7505 
7506 
7507 
7508 
7509 
7510 
7511 
7512 
7513 
7514 
7515 
7516 
7517 
7518 
7519 
7520 
7521 
7522 
7523 
7524 
7525 
7526 
7527 
7528 
7529 
7530 
7531 
7532 
7533 
7534 
7535 
7536 
7537 
7538 
7539 
7540 
7541 
7542 
7543 
7544 
7545 
7546 
7547 
7548 
7549 
7550 
7551 
7552 
7553 
7554 
7555 
7556 
7557 
7558 
7559 
7560 
7561 
7562 
7563 
7564 
7565 
7566 
7567 
7568 
7569 
7570 
7571 
7572 
7573 
7574 
7575 
7576 
7577 
7578 
7579 
7580 
7581 
7582 
7583 
7584 
7585 
7586 
7587 
7588 
7589 
7590 
7591 
7592 
7593 
7594 
7595 
7596 
7597 
7598 
7599 
7600 
7601 
7602 
7603 
7604 
7605 
7606 
7607 
7608 
7609 
7610 
7611 
7612 
7613 
7614 
7615 
7616 
7617 
7618 
7619 
7620 
7621 
7622 
7623 
7624 
7625 
7626 
7627 
7628 
7629 
7630 
7631 
7632 
7633 
7634 
7635 
7636 
7637 
7638 
7639 
7640 
7641 
7642 
7643 
7644 
7645 
7646 
7647 
7648 
7649 
7650 
7651 
7652 
7653 
7654 
7655 
7656 
7657 
7658 
7659 
7660 
7661 
7662 
7663 
7664 
7665 
7666 
7667 
7668 
7669 
7670 
7671 
7672 
7673 
7674 
7675 
7676 
7677 
7678 
7679 
7680 
7681 
7682 
7683 
7684 
7685 
7686 
7687 
7688 
7689 
7690 
7691 
7692 
7693 
7694 
7695 
7696 
7697 
7698 
7699 
7700 
7701 
7702 
7703 
7704 
7705 
7706 
7707 
7708 
7709 
7710 
7711 
7712 
7713 
7714 
7715 
7716 
7717 
7718 
7719 
7720 
7721 
7722 
7723 
7724 
7725 
7726 
7727 
7728 
7729 
7730 
7731 
7732 
7733 
7734 
7735 
7736 
7737 
7738 
7739 
7740 
7741 
7742 
7743 
7744 
7745 
7746 
7747 
7748 
7749 
7750 
7751 
7752 
7753 
7754 
7755 
7756 
7757 
7758 
7759 
7760 
7761 
7762 
7763 
7764 
7765 
7766 
7767 
7768 
7769 
7770 
7771 
7772 
7773 
7774 
7775 
7776 
7777 
7778 
7779 
7780 
7781 
7782 
7783 
7784 
7785 
7786 
7787 
7788 
7789 
7790 
7791 
7792 
7793 
7794 
7795 
7796 
7797 
7798 
7799 
7800 
7801 
7802 
7803 
7804 
7805 
7806 
7807 
7808 
7809 
7810 
7811 
7812 
7813 
7814 
7815 
7816 
7817 
7818 
7819 
7820 
7821 
7822 
7823 
7824 
7825 
7826 
7827 
7828 
7829 
7830 
7831 
7832 
7833 
7834 
7835 
7836 
7837 
7838 
7839 
7840 
7841 
7842 
7843 
7844 
7845 
7846 
7847 
7848 
7849 
7850 
7851 
7852 
7853 
7854 
7855 
7856 
7857 
7858 
7859 
7860 
7861 
7862 
7863 
7864 
7865 
7866 
7867 
7868 
7869 
7870 
7871 
7872 
7873 
7874 
7875 
7876 
7877 
7878 
7879 
7880 
7881 
7882 
7883 
7884 
7885 
7886 
7887 
7888 
7889 
7890 
7891 
7892 
7893 
7894 
7895 
7896 
7897 
7898 
7899 
7900 
7901 
7902 
7903 
7904 
7905 
7906 
7907 
7908 
7909 
7910 
7911 
7912 
7913 
7914 
7915 
7916 
7917 
7918 
7919 
7920 
7921 
7922 
7923 
7924 
7925 
7926 
7927 
7928 
7929 
7930 
7931 
7932 
7933 
7934 
7935 
7936 
7937 
7938 
7939 
7940 
7941 
7942 
7943 
7944 
7945 
7946 
7947 
7948 
7949 
7950 
7951 
7952 
7953 
7954 
7955 
7956 
7957 
7958 
7959 
7960 
7961 
7962 
7963 
7964 
7965 
7966 
7967 
7968 
7969 
7970 
7971 
7972 
7973 
7974 
7975 
7976 
7977 
7978 
7979 
7980 
7981 
7982 
7983 
7984 
7985 
7986 
7987 
7988 
7989 
7990 
7991 
7992 
7993 
7994 
7995 
7996 
7997 
7998 
7999 
8000 
8001 
8002 
8003 
8004 
8005 
8006 
8007 
8008 
8009 
8010 
8011 
8012 
8013 
8014 
8015 
8016 
8017 
8018 
8019 
8020 
8021 
8022 
8023 
8024 
8025 
8026 
8027 
8028 
8029 
8030 
8031 
8032 
8033 
8034 
8035 
8036 
8037 
8038 
8039 
8040 
8041 
8042 
8043 
8044 
8045 
8046 
8047 
8048 
8049 
8050 
8051 
8052 
8053 
8054 
8055 
8056 
8057 
8058 
8059 
8060 
8061 
8062 
8063 
8064 
8065 
8066 
8067 
8068 
8069 
8070 
8071 
8072 
8073 
8074 
8075 
8076 
8077 
8078 
8079 
8080 
8081 
8082 
8083 
8084 
8085 
8086 
8087 
8088 
8089 
8090 
8091 
8092 
8093 
8094 
8095 
8096 
8097 
8098 
8099 
8100 
8101 
8102 
8103 
8104 
8105 
8106 
8107 
8108 
8109 
8110 
8111 
8112 
8113 
8114 
8115 
8116 
8117 
8118 
8119 
8120 
8121 
8122 
8123 
8124 
8125 
8126 
8127 
8128 
8129 
8130 
8131 
8132 
8133 
8134 
8135 
8136 
8137 
8138 
8139 
8140 
8141 
8142 
8143 
8144 
8145 
8146 
8147 
8148 
8149 
8150 
8151 
8152 
8153 
8154 
8155 
8156 
8157 
8158 
8159 
8160 
8161 
8162 
8163 
8164 
8165 
8166 
8167 
8168 
8169 
8170 
8171 
8172 
8173 
8174 
8175 
8176 
8177 
8178 
8179 
8180 
8181 
8182 
8183 
8184 
8185 
8186 
8187 
8188 
8189 
8190 
8191 
8192 
8193 
8194 
8195 
8196 
8197 
8198 
8199 
8200 
8201 
8202 
8203 
8204 
8205 
8206 
8207 
8208 
8209 
8210 
8211 
8212 
8213 
8214 
8215 
8216 
8217 
8218 
8219 
8220 
8221 
8222 
8223 
8224 
8225 
8226 
8227 
8228 
8229 
8230 
8231 
8232 
8233 
8234 
8235 
8236 
8237 
8238 
8239 
8240 
8241 
8242 
8243 
8244 
8245 
8246 
8247 
8248 
8249 
8250 
8251 
8252 
8253 
8254 
8255 
8256 
8257 
8258 
8259 
8260 
8261 
8262 
8263 
8264 
8265 
8266 
8267 
8268 
8269 
8270 
8271 
8272 
8273 
8274 
8275 
8276 
8277 
8278 
8279 
8280 
8281 
8282 
8283 
8284 
8285 
8286 
8287 
8288 
8289 
8290 
8291 
8292 
8293 
8294 
8295 
8296 
8297 
8298 
8299 
8300 
8301 
8302 
8303 
8304 
8305 
8306 
8307 
8308 
8309 
8310 
8311 
8312 
8313 
8314 
8315 
8316 
8317 
8318 
8319 
8320 
8321 
8322 
8323 
8324 
8325 
8326 
8327 
8328 
8329 
8330 
8331 
8332 
8333 
8334 
8335 
8336 
8337 
8338 
8339 
8340 
8341 
8342 
8343 
8344 
8345 
8346 
8347 
8348 
8349 
8350 
8351 
8352 
8353 
8354 
8355 
8356 
8357 
8358 
8359 
8360 
8361 
8362 
8363 
8364 
8365 
8366 
8367 
8368 
8369 
8370 
8371 
8372 
8373 
8374 
8375 
8376 
8377 
8378 
8379 
8380 
8381 
8382 
8383 
8384 
8385 
8386 
8387 
8388 
8389 
8390 
8391 
8392 
8393 
8394 
8395 
8396 
8397 
8398 
8399 
8400 
8401 
8402 
8403 
8404 
8405 
8406 
8407 
8408 
8409 
8410 
8411 
8412 
8413 
8414 
8415 
8416 
8417 
8418 
8419 
8420 
8421 
8422 
8423 
8424 
8425 
8426 
8427 
8428 
8429 
8430 
8431 
8432 
8433 
8434 
8435 
8436 
8437 
8438 
8439 
8440 
8441 
8442 
8443 
8444 
8445 
8446 
8447 
8448 
8449 
8450 
8451 
8452 
8453 
8454 
8455 
8456 
8457 
8458 
8459 
8460 
8461 
8462 
8463 
8464 
8465 
8466 
8467 
8468 
8469 
8470 
8471 
8472 
8473 
8474 
8475 
8476 
8477 
8478 
8479 
8480 
8481 
8482 
8483 
8484 
8485 
8486 
8487 
8488 
8489 
8490 
8491 
8492 
8493 
8494 
8495 
8496 
8497 
8498 
8499 
8500 
8501 
8502 
8503 
8504 
8505 
8506 
8507 
8508 
8509 
8510 
8511 
8512 
8513 
8514 
8515 
8516 
8517 
8518 
8519 
8520 
8521 
8522 
8523 
8524 
8525 
8526 
8527 
8528 
8529 
8530 
8531 
8532 
8533 
8534 
8535 
8536 
8537 
8538 
8539 
8540 
8541 
8542 
8543 
8544 
8545 
8546 
8547 
8548 
8549 
8550 
8551 
8552 
8553 
8554 
8555 
8556 
8557 
8558 
8559 
8560 
8561 
8562 
8563 
8564 
8565 
8566 
8567 
8568 
8569 
8570 
8571 
8572 
8573 
8574 
8575 
8576 
8577 
8578 
8579 
8580 
8581 
8582 
8583 
8584 
8585 
8586 
8587 
8588 
8589 
8590 
8591 
8592 
8593 
8594 
8595 
8596 
8597 
8598 
8599 
8600 
8601 
8602 
8603 
8604 
8605 
8606 
8607 
8608 
8609 
8610 
8611 
8612 
8613 
8614 
8615 
8616 
8617 
8618 
8619 
8620 
8621 
8622 
8623 
8624 
8625 
8626 
8627 
8628 
8629 
8630 
8631 
8632 
8633 
8634 
8635 
8636 
8637 
8638 
8639 
8640 
8641 
8642 
8643 
8644 
8645 
8646 
8647 
8648 
8649 
8650 
8651 
8652 
8653 
8654 
8655 
8656 
8657 
8658 
8659 
8660 
8661 
8662 
8663 
8664 
8665 
8666 
8667 
8668 
8669 
8670 
8671 
8672 
8673 
8674 
8675 
8676 
8677 
8678 
8679 
8680 
8681 
8682 
8683 
8684 
8685 
8686 
8687 
8688 
8689 
8690 
8691 
8692 
8693 
8694 
8695 
8696 
8697 
8698 
8699 
8700 
8701 
8702 
8703 
8704 
8705 
8706 
8707 
8708 
8709 
8710 
8711 
8712 
8713 
8714 
8715 
8716 
8717 
8718 
8719 
8720 
8721 
8722 
8723 
8724 
8725 
8726 
8727 
8728 
8729 
8730 
8731 
8732 
8733 
8734 
8735 
8736 
8737 
8738 
8739 
8740 
8741 
8742 
8743 
8744 
8745 
8746 
8747 
8748 
8749 
8750 
8751 
8752 
8753 
8754 
8755 
8756 
8757 
8758 
8759 
8760 
8761 
8762 
8763 
8764 
8765 
8766 
8767 
8768 
8769 
8770 
8771 
8772 
8773 
8774 
8775 
8776 
8777 
8778 
8779 
8780 
8781 
8782 
8783 
8784 
8785 
8786 
8787 
8788 
8789 
8790 
8791 
8792 
8793 
8794 
8795 
8796 
8797 
8798 
8799 
8800 
8801 
8802 
8803 
8804 
8805 
8806 
8807 
8808 
8809 
8810 
8811 
8812 
8813 
8814 
8815 
8816 
8817 
8818 
8819 
8820 
8821 
8822 
8823 
8824 
8825 
8826 
8827 
8828 
8829 
8830 
8831 
8832 
8833 
8834 
8835 
8836 
8837 
8838 
8839 
8840 
8841 
8842 
8843 
8844 
8845 
8846 
8847 
8848 
8849 
8850 
8851 
8852 
8853 
8854 
8855 
8856 
8857 
8858 
8859 
8860 
8861 
8862 
8863 
8864 
8865 
8866 
8867 
8868 
8869 
8870 
8871 
8872 
8873 
8874 
8875 
8876 
8877 
8878 
8879 
8880 
8881 
8882 
8883 
8884 
8885 
8886 
8887 
8888 
8889 
8890 
8891 
8892 
8893 
8894 
8895 
8896 
8897 
8898 
8899 
8900 
8901 
8902 
8903 
8904 
8905 
8906 
8907 
8908 
8909 
8910 
8911 
8912 
8913 
8914 
8915 
8916 
8917 
8918 
8919 
8920 
8921 
8922 
8923 
8924 
8925 
8926 
8927 
8928 
8929 
8930 
8931 
8932 
8933 
8934 
8935 
8936 
8937 
8938 
8939 
8940 
8941 
8942 
8943 
8944 
8945 
8946 
8947 
8948 
8949 
8950 
8951 
8952 
8953 
8954 
8955 
8956 
8957 
8958 
8959 
8960 
8961 
8962 
8963 
8964 
8965 
8966 
8967 
8968 
8969 
8970 
8971 
8972 
8973 
8974 
8975 
8976 
8977 
8978 
8979 
8980 
8981 
8982 
8983 
8984 
8985 
8986 
8987 
8988 
8989 
8990 
8991 
8992 
8993 
8994 
8995 
8996 
8997 
8998 
8999 
9000 
9001 
9002 
9003 
9004 
9005 
9006 
9007 
9008 
9009 
9010 
9011 
9012 
9013 
9014 
9015 
9016 
9017 
9018 
9019 
9020 
9021 
9022 
9023 
9024 
9025 
9026 
9027 
9028 
9029 
9030 
9031 
9032 
9033 
9034 
9035 
9036 
9037 
9038 
9039 
9040 
9041 
9042 
9043 
9044 
9045 
9046 
9047 
9048 
9049 
9050 
9051 
9052 
9053 
9054 
9055 
9056 
9057 
9058 
9059 
9060 
9061 
9062 
9063 
9064 
9065 
9066 
9067 
9068 
9069 
9070 
9071 
9072 
9073 
9074 
9075 
9076 
9077 
9078 
9079 
9080 
9081 
9082 
9083 
9084 
9085 
9086 
9087 
9088 
9089 
9090 
9091 
9092 
9093 
9094 
9095 
9096 
9097 
9098 
9099 
9100 
9101 
9102 
9103 
9104 
9105 
9106 
9107 
9108 
9109 
9110 
9111 
9112 
9113 
9114 
9115 
9116 
9117 
9118 
9119 
9120 
9121 
9122 
9123 
9124 
9125 
9126 
9127 
9128 
9129 
9130 
9131 
9132 
9133 
9134 
9135 
9136 
9137 
9138 
9139 
9140 
9141 
9142 
9143 
9144 
9145 
9146 
9147 
9148 
9149 
9150 
9151 
9152 
9153 
9154 
9155 
9156 
9157 
9158 
9159 
9160 
9161 
9162 
9163 
9164 
9165 
9166 
9167 
9168 
9169 
9170 
9171 
9172 
9173 
9174 
9175 
9176 
9177 
9178 
9179 
9180 
9181 
9182 
9183 
9184 
9185 
9186 
9187 
9188 
9189 
9190 
9191 
9192 
9193 
9194 
9195 
9196 
9197 
9198 
9199 
9200 
9201 
9202 
9203 
9204 
9205 
9206 
9207 
9208 
9209 
9210 
9211 
9212 
9213 
9214 
9215 
9216 
9217 
9218 
9219 
9220 
9221 
9222 
9223 
9224 
9225 
9226 
9227 
9228 
9229 
9230 
9231 
9232 
9233 
9234 
9235 
9236 
9237 
9238 
9239 
9240 
9241 
9242 
9243 
9244 
9245 
9246 
9247 
9248 
9249 
9250 
9251 
9252 
9253 
9254 
9255 
9256 
9257 
9258 
9259 
9260 
9261 
9262 
9263 
9264 
9265 
9266 
9267 
9268 
9269 
9270 
9271 
9272 
9273 
9274 
9275 
9276 
9277 
9278 
9279 
9280 
9281 
9282 
9283 
9284 
9285 
9286 
9287 
9288 
9289 
9290 
9291 
9292 
9293 
9294 
9295 
9296 
9297 
9298 
9299 
9300 
9301 
9302 
9303 
9304 
9305 
9306 
9307 
9308 
9309 
9310 
9311 
9312 
9313 
9314 
9315 
9316 
9317 
9318 
9319 
9320 
9321 
9322 
9323 
9324 
9325 
9326 
9327 
9328 
9329 
9330 
9331 
9332 
9333 
9334 
9335 
9336 
9337 
9338 
9339 
9340 
9341 
9342 
9343 
9344 
9345 
9346 
9347 
9348 
9349 
9350 
9351 
9352 
9353 
9354 
9355 
9356 
9357 
9358 
9359 
9360 
9361 
9362 
9363 
9364 
9365 
9366 
9367 
9368 
9369 
9370 
9371 
9372 
9373 
9374 
9375 
9376 
9377 
9378 
9379 
9380 
9381 
9382 
9383 
9384 
9385 
9386 
9387 
9388 
9389 
9390 
9391 
9392 
9393 
9394 
9395 
9396 
9397 
9398 
9399 
9400 
9401 
9402 
9403 
9404 
9405 
9406 
9407 
9408 
9409 
9410 
9411 
9412 
9413 
9414 
9415 
9416 
9417 
9418 
9419 
9420 
9421 
9422 
9423 
9424 
9425 
9426 
9427 
9428 
9429 
9430 
9431 
9432 
9433 
9434 
9435 
9436 
9437 
9438 
9439 
9440 
9441 
9442 
9443 
9444 
9445 
9446 
9447 
9448 
9449 
9450 
9451 
9452 
9453 
9454 
9455 
9456 
9457 
9458 
9459 
9460 
9461 
9462 
9463 
9464 
9465 
9466 
9467 
9468 
9469 
9470 
9471 
9472 
9473 
9474 
9475 
9476 
9477 
9478 
9479 
9480 
9481 
9482 
9483 
9484 
9485 
9486 
9487 
9488 
9489 
9490 
9491 
9492 
9493 
9494 
9495 
9496 
9497 
9498 
9499 
9500 
9501 
9502 
9503 
9504 
9505 
9506 
9507 
9508 
9509 
9510 
9511 
9512 
9513 
9514 
9515 
9516 
9517 
9518 
9519 
9520 
9521 
9522 
9523 
9524 
9525 
9526 
9527 
9528 
9529 
9530 
9531 
9532 
9533 
9534 
9535 
9536 
9537 
9538 
9539 
9540 
9541 
9542 
9543 
9544 
9545 
9546 
9547 
9548 
9549 
9550 
9551 
9552 
9553 
9554 
9555 
9556 
9557 
9558 
9559 
9560 
9561 
9562 
9563 
9564 
9565 
9566 
9567 
9568 
9569 
9570 
9571 
9572 
9573 
9574 
9575 
9576 
9577 
9578 
9579 
9580 
9581 
9582 
9583 
9584 
9585 
9586 
9587 
9588 
9589 
9590 
9591 
9592 
9593 
9594 
9595 
9596 
9597 
9598 
9599 
9600 
9601 
9602 
9603 
9604 
9605 
9606 
9607 
9608 
9609 
9610 
9611 
9612 
9613 
9614 
9615 
9616 
9617 
9618 
9619 
9620 
9621 
9622 
9623 
9624 
9625 
9626 
9627 
9628 
9629 
9630 
9631 
9632 
9633 
9634 
9635 
9636 
9637 
9638 
9639 
9640 
9641 
9642 
9643 
9644 
9645 
9646 
9647 
9648 
9649 
9650 
9651 
9652 
9653 
9654 
9655 
9656 
9657 
9658 
9659 
9660 
9661 
9662 
9663 
9664 
9665 
9666 
9667 
9668 
9669 
9670 
9671 
9672 
9673 
9674 
9675 
9676 
9677 
9678 
9679 
9680 
9681 
9682 
9683 
9684 
9685 
9686 
9687 
9688 
9689 
9690 
9691 
9692 
9693 
9694 
9695 
9696 
9697 
9698 
9699 
9700 
9701 
9702 
9703 
9704 
9705 
9706 
9707 
9708 
9709 
9710 
9711 
9712 
9713 
9714 
9715 
9716 
9717 
9718 
9719 
9720 
9721 
9722 
9723 
9724 
9725 
9726 
9727 
9728 
9729 
9730 
9731 
9732 
9733 
9734 
9735 
9736 
9737 
9738 
9739 
9740 
9741 
9742 
9743 
9744 
9745 
9746 
9747 
9748 
9749 
9750 
9751 
9752 
9753 
9754 
9755 
9756 
9757 
9758 
9759 
9760 
9761 
9762 
9763 
9764 
9765 
9766 
9767 
9768 
9769 
9770 
9771 
9772 
9773 
9774 
9775 
9776 
9777 
9778 
9779 
9780 
9781 
9782 
9783 
9784 
9785 
9786 
9787 
9788 
9789 
9790 
9791 
9792 
9793 
9794 
9795 
9796 
9797 
9798 
9799 
9800 
9801 
9802 
9803 
9804 
9805 
9806 
9807 
9808 
9809 
9810 
9811 
9812 
9813 
9814 
9815 
9816 
9817 
9818 
9819 
9820 
9821 
9822 
9823 
9824 
9825 
9826 
9827 
9828 
9829 
9830 
9831 
9832 
9833 
9834 
9835 
9836 
9837 
9838 
9839 
9840 
9841 
9842 
9843 
9844 
9845 
9846 
9847 
9848 
9849 
9850 
9851 
9852 
9853 
9854 
9855 
9856 
9857 
9858 
9859 
9860 
9861 
9862 
9863 
9864 
9865 
9866 
9867 
9868 
9869 
9870 
9871 
9872 
9873 
9874 
9875 
9876 
9877 
9878 
9879 
9880 
9881 
9882 
9883 
9884 
9885 
9886 
9887 
9888 
9889 
9890 
9891 
9892 
9893 
9894 
9895 
9896 
9897 
9898 
9899 
9900 
9901 
9902 
9903 
9904 
9905 
9906 
9907 
9908 
9909 
9910 
9911 
9912 
9913 
9914 
9915 
9916 
9917 
9918 
9919 
9920 
9921 
9922 
9923 
9924 
9925 
9926 
9927 
9928 
9929 
9930 
9931 
9932 
9933 
9934 
9935 
9936 
9937 
9938 
9939 
9940 
9941 
9942 
9943 
9944 
9945 
9946 
9947 
9948 
9949 
9950 
9951 
9952 
9953 
9954 
9955 
9956 
9957 
9958 
9959 
9960 
9961 
9962 
9963 
9964 
9965 
9966 
9967 
9968 
9969 
9970 
9971 
9972 
9973 
9974 
9975 
9976 
9977 
9978 
9979 
9980 
9981 
9982 
9983 
9984 
9985 
9986 
9987 
9988 
9989 
9990 
9991 
9992 
9993 
9994 
9995 
9996 
9997 
9998 
9999 
10000 
10001 
10002 
10003 
10004 
10005 
10006 
10007 
10008 
10009 
10010 
10011 
10012 
10013 
10014 
10015 
10016 
10017 
10018 
10019 
10020 
10021 
10022 
10023 
10024 
10025 
10026 
10027 
10028 
10029 
10030 
10031 
10032 
10033 
10034 
10035 
10036 
10037 
10038 
10039 
10040 
10041 
10042 
10043 
10044 
10045 
10046 
10047 
10048 
10049 
10050 
10051 
10052 
10053 
10054 
10055 
10056 
10057 
10058 
10059 
10060 
10061 
10062 
10063 
10064 
10065 
10066 
10067 
10068 
10069 
10070 
10071 
10072 
10073 
10074 
10075 
10076 
10077 
10078 
10079 
10080 
10081 
10082 
10083 
10084 
10085 
10086 
10087 
10088 
10089 
10090 
10091 
10092 
10093 
10094 
10095 
10096 
10097 
10098 
10099 
10100 
10101 
10102 
10103 
10104 
10105 
10106 
10107 
10108 
10109 
10110 
10111 
10112 
10113 
10114 
10115 
10116 
10117 
10118 
10119 
10120 
10121 
10122 
10123 
10124 
10125 
10126 
10127 
10128 
10129 
10130 
10131 
10132 
10133 
10134 
10135 
10136 
10137 
10138 
10139 
10140 
10141 
10142 
10143 
10144 
10145 
10146 
10147 
10148 
10149 
10150 
10151 
10152 
10153 
10154 
10155 
10156 
10157 
10158 
10159 
10160 
10161 
10162 
10163 
10164 
10165 
10166 
10167 
10168 
10169 
10170 
10171 
10172 
10173 
10174 
10175 
10176 
10177 
10178 
10179 
10180 
10181 
10182 
10183 
10184 
10185 
10186 
10187 
10188 
10189 
10190 
10191 
10192 
10193 
10194 
10195 
10196 
10197 
10198 
10199 
10200 
10201 
10202 
10203 
10204 
10205 
10206 
10207 
10208 
10209 
10210 
10211 
10212 
10213 
10214 
10215 
10216 
10217 
10218 
10219 
10220 
10221 
10222 
10223 
10224 
10225 
10226 
10227 
10228 
10229 
10230 
10231 
10232 
10233 
10234 
10235 
10236 
10237 
10238 
10239 
10240 
10241 
10242 
10243 
10244 
10245 
10246 
10247 
10248 
10249 
10250 
10251 
10252 
10253 
10254 
10255 
10256 
10257 
10258 
10259 
10260 
10261 
10262 
10263 
10264 
10265 
10266 
10267 
10268 
10269 
10270 
10271 
10272 
10273 
10274 
10275 
10276 
10277 
10278 
10279 
10280 
10281 
10282 
10283 
10284 
10285 
10286 
10287 
10288 
10289 
10290 
10291 
10292 
10293 
10294 
10295 
10296 
10297 
10298 
10299 
10300 
10301 
10302 
10303 
10304 
10305 
10306 
10307 
10308 
10309 
10310 
10311 
10312 
10313 
10314 
10315 
10316 
10317 
10318 
10319 
10320 
10321 
10322 
10323 
10324 
10325 
10326 
10327 
10328 
10329 
10330 
10331 
10332 
10333 
10334 
10335 
10336 
10337 
10338 
10339 
10340 
10341 
10342 
10343 
10344 
10345 
10346 
10347 
10348 
10349 
10350 
10351 
10352 
10353 
10354 
10355 
10356 
10357 
10358 
10359 
10360 
10361 
10362 
10363 
10364 
10365 
10366 
10367 
10368 
10369 
10370 
10371 
10372 
10373 
10374 
10375 
10376 
10377 
10378 
10379 
10380 
10381 
10382 
10383 
10384 
10385 
10386 
10387 
10388 
10389 
10390 
10391 
10392 
10393 
10394 
10395 
10396 
10397 
10398 
10399 
10400 
10401 
10402 
10403 
10404 
10405 
10406 
10407 
10408 
10409 
10410 
10411 
10412 
10413 
10414 
10415 
10416 
10417 
10418 
10419 
10420 
10421 
10422 
10423 
10424 
10425 
10426 
10427 
10428 
10429 
10430 
10431 
10432 
10433 
10434 
10435 
10436 
10437 
10438 
10439 
10440 
10441 
10442 
10443 
10444 
10445 
10446 
10447 
10448 
10449 
10450 
10451 
10452 
10453 
10454 
10455 
10456 
10457 
10458 
10459 
10460 
10461 
10462 
10463 
10464 
10465 
10466 
10467 
10468 
10469 
10470 
10471 
10472 
10473 
10474 
10475 
10476 
10477 
10478 
10479 
10480 
10481 
10482 
10483 
10484 
10485 
10486 
10487 
10488 
10489 
10490 
10491 
10492 
10493 
10494 
10495 
10496 
10497 
10498 
10499 
10500 
10501 
10502 
10503 
10504 
10505 
10506 
10507 
10508 
10509 
10510 
10511 
10512 
10513 
10514 
10515 
10516 
10517 
10518 
10519 
10520 
10521 
10522 
10523 
10524 
10525 
10526 
10527 
10528 
10529 
10530 
10531 
10532 
10533 
10534 
10535 
10536 
10537 
10538 
10539 
10540 
10541 
10542 
10543 
10544 
10545 
10546 
10547 
10548 
10549 
10550 
10551 
10552 
10553 
10554 
10555 
10556 
10557 
10558 
10559 
10560 
10561 
10562 
10563 
10564 
10565 
10566 
10567 
10568 
10569 
10570 
10571 
10572 
10573 
10574 
10575 
10576 
10577 
10578 
10579 
10580 
10581 
10582 
10583 
10584 
10585 
10586 
10587 
10588 
10589 
10590 
10591 
10592 
10593 
10594 
10595 
10596 
10597 
10598 
10599 
10600 
10601 
10602 
10603 
10604 
10605 
10606 
10607 
10608 
10609 
10610 
10611 
10612 
10613 
10614 
10615 
10616 
10617 
10618 
10619 
10620 
10621 
10622 
10623 
10624 
10625 
10626 
10627 
10628 
10629 
10630 
10631 
10632 
10633 
10634 
10635 
10636 
10637 
10638 
10639 
10640 
10641 
10642 
10643 
10644 
10645 
10646 
10647 
10648 
10649 
10650 
10651 
10652 
10653 
10654 
10655 
10656 
10657 
10658 
10659 
10660 
10661 
10662 
10663 
10664 
10665 
10666 
10667 
10668 
10669 
10670 
10671 
10672 
10673 
10674 
10675 
10676 
10677 
10678 
10679 
10680 
10681 
10682 
10683 
10684 
10685 
10686 
10687 
10688 
10689 
10690 
10691 
10692 
10693 
10694 
10695 
10696 
10697 
10698 
10699 
10700 
10701 
10702 
10703 
10704 
10705 
10706 
10707 
10708 
10709 
10710 
10711 
10712 
10713 
10714 
10715 
10716 
10717 
10718 
10719 
10720 
10721 
10722 
10723 
10724 
10725 
10726 
10727 
10728 
10729 
10730 
10731 
10732 
10733 
10734 
10735 
10736 
10737 
10738 
10739 
10740 
10741 
10742 
10743 
10744 
10745 
10746 
10747 
10748 
10749 
10750 
10751 
10752 
10753 
10754 
10755 
10756 
10757 
10758 
10759 
10760 
10761 
10762 
10763 
10764 
10765 
10766 
10767 
10768 
10769 
10770 
10771 
10772 
10773 
10774 
10775 
10776 
10777 
10778 
10779 
10780 
10781 
10782 
10783 
10784 
10785 
10786 
10787 
10788 
10789 
10790 
10791 
10792 
10793 
10794 
10795 
10796 
10797 
10798 
10799 
10800 
10801 
10802 
10803 
10804 
10805 
10806 
10807 
10808 
10809 
10810 
10811 
10812 
10813 
10814 
10815 
10816 
10817 
10818 
10819 
10820 
10821 
10822 
10823 
10824 
10825 
10826 
10827 
10828 
10829 
10830 
10831 
10832 
10833 
10834 
10835 
10836 
10837 
10838 
10839 
10840 
10841 
10842 
10843 
10844 
10845 
10846 
10847 
10848 
10849 
10850 
10851 
10852 
10853 
10854 
10855 
10856 
10857 
10858 
10859 
10860 
10861 
10862 
10863 
10864 
10865 
10866 
10867 
10868 
10869 
10870 
10871 
10872 
10873 
10874 
10875 
10876 
10877 
10878 
10879 
10880 
10881 
10882 
10883 
10884 
10885 
10886 
10887 
10888 
10889 
10890 
10891 
10892 
10893 
10894 
10895 
10896 
10897 
10898 
10899 
10900 
10901 
10902 
10903 
10904 
10905 
10906 
10907 
10908 
10909 
10910 
10911 
10912 
10913 
10914 
10915 
10916 
10917 
10918 
10919 
10920 
10921 
10922 
10923 
10924 
10925 
10926 
10927 
10928 
10929 
10930 
10931 
10932 
10933 
10934 
10935 
10936 
10937 
10938 
10939 
10940 
10941 
10942 
10943 
10944 
10945 
10946 
10947 
10948 
10949 
10950 
10951 
10952 
10953 
10954 
10955 
10956 
10957 
10958 
10959 
10960 
10961 
10962 
10963 
10964 
10965 
10966 
10967 
10968 
10969 
10970 
10971 
10972 
10973 
10974 
10975 
10976 
10977 
10978 
10979 
10980 
10981 
10982 
10983 
10984 
10985 
10986 
10987 
10988 
10989 
10990 
10991 
10992 
10993 
10994 
10995 
10996 
10997 
10998 
10999 
11000 
11001 
11002 
11003 
11004 
11005 
11006 
11007 
11008 
11009 
11010 
11011 
11012 
11013 
11014 
11015 
11016 
11017 
11018 
11019 
11020 
11021 
11022 
11023 
11024 
11025 
11026 
11027 
11028 
11029 
11030 
11031 
11032 
11033 
11034 
11035 
11036 
11037 
11038 
11039 
11040 
11041 
11042 
11043 
11044 
11045 
11046 
11047 
11048 
11049 
11050 
11051 
11052 
11053 
11054 
11055 
11056 
11057 
11058 
11059 
11060 
11061 
11062 
11063 
11064 
11065 
11066 
11067 
11068 
11069 
11070 
11071 
11072 
11073 
11074 
11075 
11076 
11077 
11078 
11079 
11080 
11081 
11082 
11083 
11084 
11085 
11086 
11087 
11088 
11089 
11090 
11091 
11092 
11093 
11094 
11095 
11096 
11097 
11098 
11099 
11100 
11101 
11102 
11103 
11104 
11105 
11106 
11107 
11108 
11109 
11110 
11111 
11112 
11113 
11114 
11115 
11116 
11117 
11118 
11119 
11120 
11121 
11122 
11123 
11124 
11125 
11126 
11127 
11128 
11129 
11130 
11131 
11132 
11133 
11134 
11135 
11136 
11137 
11138 
11139 
11140 
11141 
11142 
11143 
11144 
11145 
11146 
11147 
11148 
11149 
11150 
11151 
11152 
11153 
11154 
11155 
11156 
11157 
11158 
11159 
11160 
11161 
11162 
11163 
11164 
11165 
11166 
11167 
11168 
11169 
11170 
11171 
11172 
11173 
11174 
11175 
11176 
11177 
11178 
11179 
11180 
11181 
11182 
11183 
11184 
11185 
11186 
11187 
11188 
11189 
11190 
11191 
11192 
11193 
11194 
11195 
11196 
11197 
11198 
11199 
11200 
11201 
11202 
11203 
11204 
11205 
11206 
11207 
11208 
11209 
11210 
11211 
11212 
11213 
11214 
11215 
11216 
11217 
11218 
11219 
11220 
11221 
11222 
11223 
11224 
11225 
11226 
11227 
11228 
11229 
11230 
11231 
11232 
11233 
11234 
11235 
11236 
11237 
11238 
11239 
11240 
11241 
11242 
11243 
11244 
11245 
11246 
11247 
11248 
11249 
11250 
11251 
11252 
11253 
11254 
11255 
11256 
11257 
11258 
11259 
11260 
11261 
11262 
11263 
11264 
11265 
11266 
11267 
11268 
11269 
11270 
11271 
11272 
11273 
11274 
11275 
11276 
11277 
11278 
11279 
11280 
11281 
11282 
11283 
11284 
11285 
11286 
11287 
11288 
11289 
11290 
11291 
11292 
11293 
11294 
11295 
11296 
11297 
11298 
11299 
11300 
11301 
11302 
11303 
11304 
11305 
11306 
11307 
11308 
11309 
11310 
11311 
11312 
11313 
11314 
11315 
11316 
11317 
11318 
11319 
11320 
11321 
11322 
11323 
11324 
11325 
11326 
11327 
11328 
11329 
11330 
11331 
11332 
11333 
11334 
11335 
11336 
11337 
11338 
11339 
11340 
11341 
11342 
11343 
11344 
11345 
11346 
11347 
11348 
11349 
11350 
11351 
11352 
11353 
11354 
11355 
11356 
11357 
11358 
11359 
11360 
11361 
11362 
11363 
11364 
11365 
11366 
11367 
11368 
11369 
11370 
11371 
11372 
11373 
11374 
11375 
11376 
11377 
11378 
11379 
11380 
11381 
11382 
11383 
11384 
11385 
11386 
11387 
11388 
11389 
11390 
11391 
11392 
11393 
11394 
11395 
11396 
11397 
11398 
11399 
11400 
11401 
11402 
11403 
11404 
11405 
11406 
11407 
11408 
11409 
11410 
11411 
11412 
11413 
11414 
11415 
11416 
11417 
11418 
11419 
11420 
11421 
11422 
11423 
11424 
11425 
11426 
11427 
11428 
11429 
11430 
11431 
11432 
11433 
11434 
11435 
11436 
11437 
11438 
11439 
11440 
11441 
11442 
11443 
11444 
11445 
11446 
11447 
11448 
11449 
11450 
11451 
11452 
11453 
11454 
11455 
11456 
11457 
11458 
11459 
11460 
11461 
11462 
11463 
11464 
11465 
11466 
11467 
11468 
11469 
11470 
11471 
11472 
11473 
11474 
11475 
11476 
11477 
11478 
11479 
11480 
11481 
11482 
11483 
11484 
11485 
11486 
11487 
11488 
11489 
11490 
11491 
11492 
11493 
11494 
11495 
11496 
11497 
11498 
11499 
11500 
11501 
11502 
11503 
11504 
11505 
11506 
11507 
11508 
11509 
11510 
11511 
11512 
11513 
11514 
11515 
11516 
11517 
11518 
11519 
11520 
11521 
11522 
11523 
11524 
11525 
11526 
11527 
11528 
11529 
11530 
11531 
11532 
11533 
11534 
11535 
11536 
11537 
11538 
11539 
11540 
11541 
11542 
11543 
11544 
11545 
11546 
11547 
11548 
11549 
11550 
11551 
11552 
11553 
11554 
11555 
11556 
11557 
11558 
11559 
11560 
11561 
11562 
11563 
11564 
11565 
11566 
11567 
11568 
11569 
11570 
11571 
11572 
11573 
11574 
11575 
11576 
11577 
11578 
11579 
11580 
11581 
11582 
11583 
11584 
11585 
11586 
11587 
11588 
11589 
11590 
11591 
11592 
11593 
11594 
11595 
11596 
11597 
11598 
11599 
11600 
11601 
11602 
11603 
11604 
11605 
11606 
11607 
11608 
11609 
11610 
11611 
11612 
11613 
11614 
11615 
11616 
11617 
11618 
11619 
11620 
11621 
11622 
11623 
11624 
11625 
11626 
11627 
11628 
11629 
11630 
11631 
11632 
11633 
11634 
11635 
11636 
11637 
11638 
11639 
11640 
11641 
11642 
11643 
11644 
11645 
11646 
11647 
11648 
11649 
11650 
11651 
11652 
11653 
11654 
11655 
11656 
11657 
11658 
11659 
11660 
11661 
11662 
11663 
11664 
11665 
11666 
11667 
11668 
11669 
11670 
11671 
11672 
11673 
11674 
11675 
11676 
11677 
11678 
11679 
11680 
11681 
11682 
11683 
11684 
11685 
11686 
11687 
11688 
11689 
11690 
11691 
11692 
11693 
11694 
11695 
11696 
11697 
11698 
11699 
11700 
11701 
11702 
11703 
11704 
11705 
11706 
11707 
11708 
11709 
11710 
11711 
11712 
11713 
11714 
11715 
11716 
11717 
11718 
11719 
11720 
11721 
11722 
11723 
11724 
11725 
11726 
11727 
11728 
11729 
11730 
11731 
11732 
11733 
11734 
11735 
11736 
11737 
11738 
11739 
11740 
11741 
11742 
11743 
11744 
11745 
11746 
11747 
11748 
11749 
11750 
11751 
11752 
11753 
11754 
11755 
11756 
11757 
11758 
11759 
11760 
11761 
11762 
11763 
11764 
11765 
11766 
11767 
11768 
11769 
11770 
11771 
11772 
11773 
11774 
11775 
11776 
11777 
11778 
11779 
11780 
11781 
11782 
11783 
11784 
11785 
11786 
11787 
11788 
11789 
11790 
11791 
11792 
11793 
11794 
11795 
11796 
11797 
11798 
11799 
11800 
11801 
11802 
11803 
11804 
11805 
11806 
11807 
11808 
11809 
11810 
11811 
11812 
11813 
11814 
11815 
11816 
11817 
11818 
11819 
11820 
11821 
11822 
11823 
11824 
11825 
11826 
11827 
11828 
11829 
11830 
11831 
11832 
11833 
11834 
11835 
11836 
11837 
11838 
11839 
11840 
11841 
11842 
11843 
11844 
11845 
11846 
11847 
11848 
11849 
21595 
21596 
21597 
21598 
21599 
21600 
21601 
21602 
21603 
21604 
21605 
21606 
21607 
21608 
21609 
21610 
21611 
21612 
21613 
21614 
21615 
21616 
21617 
21618 
21619 
21620 
21621 
21622 
21623 
21624 
21625 
21626 
21627 
21628 
21629 
21630 
21631 
21632 
21633 
21634 
21635 
21636 
21637 
21638 
21639 
21640 
21641 
21642 
21643 
21644 
21645 
21646 
21647 
21648 
21649 
21650 
21651 
21652 
21653 
21654 
21655 
21656 
21657 
21658 
21659 
21660 
21661 
21662 
21663 
21664 
21665 
21666 
21667 
21668 
21669 
21670 
21671 
21672 
21673 
21674 
21675 
21676 
21677 
21678 
21679 
21680 
21681 
21682 
21683 
21684 
21685 
21686 
21687 
21688 
21689 
21690 
21691 
21692 
21693 
21694 
21695 
21696 
21697 
21698 
21699 
21700 
21701 
21702 
21703 
21704 
21705 
21706 
21707 
21708 
21709 
21710 
21711 
21712 
21713 
21714 
21715 
21716 
21717 
21718 
21719 
21720 
21721 
21722 
21723 
21724 
21725 
21726 
21727 
21728 
21729 
21730 
21731 
21732 
21733 
21734 
21735 
21736 
21737 
21738 
21739 
21740 
21741 
21742 
21743 
21744 
21745 
21746 
21747 
21748 
21749 
21750 
21751 
21752 
21753 
21754 
21755 
21756 
21757 
21758 
21759 
21760 
21761 
21762 
21763 
21764 
21765 
21766 
21767 
21768 
21769 
21770 
21771 
21772 
21773 
21774 
21775 
21776 
21777 
21778 
21779 
21780 
21781 
21782 
21783 
21784 
21785 
21786 
21787 
21788 
21789 
21790 
21791 
21792 
21793 
21794 
21795 
21796 
21797 
21798 
21799 
21800 
21801 
21802 
21803 
21804 
21805 
21806 
21807 
21808 
21809 
21810 
21811 
21812 
21813 
21814 
21815 
21816 
21817 
21818 
21819 
21820 
21821 
21822 
21823 
21824 
21825 
21826 
21827 
21828 
21829 
21830 
21831 
21832 
21833 
21834 
21835 
21836 
21837 
21838 
21839 
21840 
21841 
21842 
21843 
21844 
21845 
21846 
21847 
21848 
21849 
21850 
21851 
21852 
21853 
21854 
21855 
21856 
21857 
21858 
21859 
21860 
21861 
21862 
21863 
21864 
21865 
21866 
21867 
21868 
21869 
21870 
21871 
21872 
21873 
21874 
21875 
21876 
21877 
21878 
21879 
21880 
21881 
21882 
21883 
21884 
21885 
21886 
21887 
21888 
21889 
21890 
21891 
21892 
21893 
21894 
21895 
21896 
21897 
21898 
21899 
21900 
21901 
21902 
21903 
21904 
21905 
21906 
21907 
21908 
21909 
21910 
21911 
21912 
21913 
21914 
21915 
21916 
21917 
21918 
21919 
21920 
21921 
21922 
21923 
21924 
21925 
21926 
21927 
21928 
21929 
21930 
21931 
21932 
21933 
21934 
21935 
21936 
21937 
21938 
21939 
21940 
21941 
21942 
21943 
21944 
21945 
21946 
21947 
21948 
21949 
21950 
21951 
21952 
21953 
21954 
21955 
21956 
21957 
21958 
21959 
21960 
21961 
21962 
21963 
21964 
21965 
21966 
21967 
21968 
21969 
21970 
21971 
21972 
21973 
21974 
21975 
21976 
21977 
21978 
21979 
21980 
21981 
21982 
21983 
21984 
21985 
21986 
21987 
21988 
21989 
21990 
21991 
21992 
21993 
21994 
21995 
21996 
21997 
21998 
21999 
22000 
22001 
22002 
22003 
22004 
22005 
22006 
22007 
22008 
22009 
22010 
22011 
22012 
22013 
22014 
22015 
22016 
22017 
22018 
22019 
22020 
22021 
22022 
22023 
22024 
22025 
22026 
22027 
22028 
22029 
22030 
22031 
22032 
22033 
22034 
22035 
22036 
22037 
22038 
22039 
22040 
22041 
22042 
22043 
22044 
22045 
22046 
22047 
22048 
22049 
22050 
22051 
22052 
22053 
22054 
22055 
22056 
22057 
22058 
22059 
22060 
22061 
22062 
22063 
22064 
22065 
22066 
22067 
22068 
22069 
22070 
22071 
22072 
22073 
22074 
22075 
22076 
22077 
22078 
22079 
22080 
22081 
22082 
22083 
22084 
22085 
22086 
22087 
22088 
22089 
22090 
22091 
22092 
22093 
22094 
22095 
22096 
22097 
22098 
22099 
22100 
22101 
22102 
22103 
22104 
22105 
22106 
22107 
22108 
22109 
22110 
22111 
22112 
22113 
22114 
22115 
22116 
22117 
22118 
22119 
22120 
22121 
22122 
22123 
22124 
22125 
22126 
22127 
22128 
22129 
22130 
22131 
22132 
22133 
22134 
22135 
22136 
22137 
22138 
22139 
22140 
22141 
22142 
22143 
22144 
22145 
22146 
22147 
22148 
22149 
22150 
22151 
22152 
22153 
22154 
22155 
22156 
22157 
22158 
22159 
22160 
22161 
22162 
22163 
22164 
22165 
22166 
22167 
22168 
22169 
22170 
22171 
22172 
22173 
22174 
22175 
22176 
22177 
22178 
22179 
22180 
22181 
22182 
22183 
22184 
22185 
22186 
22187 
22188 
22189 
22190 
22191 
22192 
22193 
22194 
22195 
22196 
22197 
22198 
22199 
22200 
22201 
22202 
22203 
22204 
22205 
22206 
22207 
22208 
22209 
22210 
22211 
22212 
22213 
22214 
22215 
22216 
22217 
22218 
22219 
22220 
22221 
22222 
22223 
22224 
22225 
22226 
22227 
22228 
22229 
22230 
22231 
22232 
22233 
22234 
22235 
22236 
22237 
22238 
22239 
22240 
22241 
22242 
22243 
22244 
22245 
22246 
22247 
22248 
22249 
22250 
22251 
22252 
22253 
22254 
22255 
22256 
22257 
22258 
22259 
22260 
22261 
22262 
22263 
22264 
22265 
22266 
22267 
22268 
22269 
22270 
22271 
22272 
22273 
22274 
22275 
22276 
22277 
22278 
22279 
22280 
22281 
22282 
22283 
22284 
22285 
22286 
22287 
22288 
22289 
22290 
22291 
22292 
22293 
22294 
22295 
22296 
22297 
22298 
22299 
22300 
22301 
22302 
22303 
22304 
22305 
22306 
22307 
22308 
22309 
22310 
22311 
22312 
22313 
22314 
22315 
22316 
22317 
22318 
22319 
22320 
22321 
22322 
22323 
22324 
22325 
22326 
22327 
22328 
22329 
22330 
22331 
22332 
22333 
22334 
22335 
22336 
22337 
22338 
22339 
22340 
22341 
22342 
22343 
22344 
22345 
22346 
22347 
22348 
22349 
22350 
22351 
22352 
22353 
22354 
22355 
22356 
22357 
22358 
22359 
22360 
22361 
22362 
22363 
22364 
22365 
22366 
22367 
22368 
22369 
22370 
22371 
22372 
22373 
22374 
22375 
22376 
22377 
22378 
22379 
22380 
22381 
22382 
22383 
22384 
22385 
22386 
22387 
22388 
22389 
22390 
22391 
22392 
22393 
22394 
22395 
22396 
22397 
22398 
22399 
22400 
22401 
22402 
22403 
22404 
22405 
22406 
22407 
22408 
22409 
22410 
22411 
22412 
22413 
22414 
22415 
22416 
22417 
22418 
22419 
22420 
22421 
22422 
22423 
22424 
22425 
22426 
22427 
22428 
22429 
22430 
22431 
22432 
22433 
22434 
22435 
22436 
22437 
22438 
22439 
22440 
22441 
22442 
22443 
22444 
22445 
22446 
22447 
22448 
22449 
22450 
22451 
22452 
22453 
22454 
22455 
22456 
22457 
22458 
22459 
22460 
22461 
22462 
22463 
22464 
22465 
22466 
22467 
22468 
22469 
22470 
22471 
22472 
22473 
22474 
22475 
22476 
22477 
22478 
22479 
22480 
22481 
22482 
22483 
22484 
22485 
22486 
22487 
22488 
22489 
22490 
22491 
22492 
22493 
22494 
22495 
22496 
22497 
22498 
22499 
22500 
22501 
22502 
22503 
22504 
22505 
22506 
22507 
22508 
22509 
22510 
22511 
22512 
22513 
22514 
22515 
22516 
22517 
22518 
22519 
22520 
22521 
22522 
22523 
22524 
22525 
22526 
22527 
22528 
22529 
22530 
22531 
22532 
22533 
22534 
22535 
22536 
22537 
22538 
22539 
22540 
22541 
22542 
22543 
22544 
22545 
22546 
22547 
22548 
22549 
22550 
22551 
22552 
22553 
22554 
22555 
22556 
22557 
22558 
22559 
22560 
22561 
22562 
22563 
22564 
22565 
22566 
22567 
22568 
22569 
22570 
22571 
22572 
22573 
22574 
22575 
22576 
22577 
22578 
22579 
22580 
22581 
22582 
22583 
22584 
22585 
22586 
22587 
22588 
22589 
22590 
22591 
22592 
22593 
22594 
22595 
22596 
22597 
22598 
22599 
22600 
22601 
22602 
22603 
22604 
22605 
22606 
22607 
22608 
22609 
22610 
22611 
22612 
22613 
22614 
22615 
22616 
22617 
22618 
22619 
22620 
22621 
22622 
22623 
22624 
22625 
22626 
22627 
22628 
22629 
22630 
22631 
22632 
22633 
22634 
22635 
22636 
22637 
22638 
22639 
22640 
22641 
22642 
22643 
22644 
22645 
22646 
22647 
22648 
22649 
22650 
22651 
22652 
22653 
22654 
22655 
22656 
22657 
22658 
22659 
22660 
22661 
22662 
22663 
22664 
22665 
22666 
22667 
22668 
22669 
22670 
22671 
22672 
22673 
22674 
22675 
22676 
22677 
22678 
22679 
22680 
22681 
22682 
22683 
22684 
22685 
22686 
22687 
22688 
22689 
22690 
22691 
22692 
22693 
22694 
22695 
22696 
22697 
22698 
22699 
22700 
22701 
22702 
22703 
22704 
22705 
22706 
22707 
22708 
22709 
22710 
22711 
22712 
22713 
22714 
22715 
22716 
22717 
22718 
22719 
22720 
22721 
22722 
22723 
22724 
22725 
22726 
22727 
22728 
22729 
22730 
22731 
22732 
22733 
22734 
22735 
22736 
22737 
22738 
22739 
22740 
22741 
22742 
22743 
22744 
22745 
22746 
22747 
22748 
22749 
22750 
22751 
22752 
22753 
22754 
22755 
22756 
22757 
22758 
22759 
22760 
22761 
22762 
22763 
22764 
22765 
22766 
22767 
22768 
22769 
22770 
22771 
22772 
22773 
22774 
22775 
22776 
22777 
22778 
22779 
22780 
22781 
22782 
22783 
22784 
22785 
22786 
22787 
22788 
22789 
22790 
22791 
22792 
22793 
22794 
22795 
22796 
22797 
22798 
22799 
22800 
22801 
22802 
22803 
22804 
22805 
22806 
22807 
22808 
22809 
22810 
22811 
22812 
22813 
22814 
22815 
22816 
22817 
22818 
22819 
22820 
22821 
22822 
22823 
22824 
22825 
22826 
22827 
22828 
22829 
22830 
22831 
22832 
22833 
22834 
22835 
22836 
22837 
22838 
22839 
22840 
22841 
22842 
22843 
22844 
22845 
22846 
22847 
22848 
22849 
22850 
22851 
22852 
22853 
22854 
22855 
22856 
22857 
22858 
22859 
22860 
22861 
22862 
22863 
22864 
22865 
22866 
22867 
22868 
22869 
22870 
22871 
22872 
22873 
22874 
22875 
22876 
22877 
22878 
22879 
22880 
22881 
22882 
22883 
22884 
22885 
22886 
22887 
22888 
22889 
22890 
22891 
22892 
22893 
22894 
22895 
22896 
22897 
22898 
22899 
22900 
22901 
22902 
22903 
22904 
22905 
22906 
22907 
22908 
22909 
22910 
22911 
22912 
22913 
22914 
22915 
22916 
22917 
22918 
22919 
22920 
22921 
22922 
22923 
22924 
22925 
22926 
22927 
22928 
22929 
22930 
22931 
22932 
22933 
22934 
22935 
22936 
22937 
22938 
22939 
22940 
22941 
22942 
22943 
22944 
22945 
22946 
22947 
22948 
22949 
22950 
22951 
22952 
22953 
22954 
22955 
22956 
22957 
22958 
22959 
22960 
22961 
22962 
22963 
22964 
22965 
22966 
22967 
22968 
22969 
22970 
22971 
22972 
22973 
22974 
22975 
22976 
22977 
22978 
22979 
22980 
22981 
22982 
22983 
22984 
22985 
22986 
22987 
22988 
22989 
22990 
22991 
22992 
22993 
22994 
22995 
22996 
22997 
22998 
22999 
23000 
23001 
23002 
23003 
23004 
23005 
23006 
23007 
23008 
23009 
23010 
23011 
23012 
23013 
23014 
23015 
23016 
23017 
23018 
23019 
23020 
23021 
23022 
23023 
23024 
23025 
23026 
23027 
23028 
23029 
23030 
23031 
23032 
23033 
23034 
23035 
23036 
23037 
23038 
23039 
23040 
23041 
23042 
23043 
23044 
23045 
23046 
23047 
23048 
23049 
23050 
23051 
23052 
23053 
23054 
23055 
23056 
23057 
23058 
23059 
23060 
23061 
23062 
23063 
23064 
23065 
23066 
23067 
23068 
23069 
23070 
23071 
23072 
23073 
23074 
23075 
23076 
23077 
23078 
23079 
23080 
23081 
23082 
23083 
23084 
23085 
23086 
23087 
23088 
23089 
23090 
23091 
23092 
23093 
23094 
23095 
23096 
23097 
23098 
23099 
23100 
23101 
23102 
23103 
23104 
23105 
23106 
23107 
23108 
23109 
23110 
23111 
23112 
23113 
23114 
23115 
23116 
23117 
23118 
23119 
23120 
23121 
23122 
23123 
23124 
23125 
23126 
23127 
23128 
23129 
23130 
23131 
23132 
23133 
23134 
23135 
23136 
23137 
23138 
23139 
23140 
23141 
23142 
23143 
23144 
23145 
23146 
23147 
23148 
23149 
23150 
23151 
23152 
23153 
23154 
23155 
23156 
23157 
23158 
23159 
23160 
23161 
23162 
23163 
23164 
23165 
23166 
23167 
23168 
23169 
23170 
23171 
23172 
23173 
23174 
23175 
23176 
23177 
23178 
23179 
23180 
23181 
23182 
23183 
23184 
23185 
23186 
23187 
23188 
23189 
23190 
23191 
23192 
23193 
23194 
23195 
23196 
23197 
23198 
23199 
23200 
23201 
23202 
23203 
23204 
23205 
23206 
23207 
23208 
23209 
23210 
23211 
23212 
23213 
23214 
23215 
23216 
23217 
23218 
23219 
23220 
23221 
23222 
23223 
23224 
23225 
23226 
23227 
23228 
23229 
23230 
23231 
23232 
23233 
23234 
23235 
23236 
23237 
23238 
23239 
23240 
23241 
23242 
23243 
23244 
23245 
23246 
23247 
23248 
23249 
23250 
23251 
23252 
23253 
23254 
23255 
23256 
23257 
23258 
23259 
23260 
23261 
23262 
23263 
23264 
23265 
23266 
23267 
23268 
23269 
23270 
23271 
23272 
23273 
23274 
23275 
23276 
23277 
23278 
23279 
23280 
23281 
23282 
23283 
23284 
23285 
23286 
23287 
23288 
23289 
23290 
23291 
23292 
23293 
23294 
23295 
23296 
23297 
23298 
23299 
23300 
23301 
23302 
23303 
23304 
23305 
23306 
23307 
23308 
23309 
23310 
23311 
23312 
23313 
23314 
23315 
23316 
23317 
23318 
23319 
23320 
23321 
23322 
23323 
23324 
23325 
23326 
23327 
23328 
23329 
23330 
23331 
23332 
23333 
23334 
23335 
23336 
23337 
23338 
23339 
23340 
23341 
23342 
23343 
23344 
23345 
23346 
23347 
23348 
23349 
23350 
23351 
23352 
23353 
23354 
23355 
23356 
23357 
23358 
23359 
23360 
23361 
23362 
23363 
23364 
23365 
23366 
23367 
23368 
23369 
23370 
23371 
23372 
23373 
23374 
23375 
23376 
23377 
23378 
23379 
23380 
23381 
23382 
23383 
23384 
23385 
23386 
23387 
23388 
23389 
23390 
23391 
23392 
23393 
23394 
23395 
23396 
23397 
23398 
23399 
23400 
23401 
23402 
23403 
23404 
23405 
23406 
23407 
23408 
23409 
23410 
23411 
23412 
23413 
23414 
23415 
23416 
23417 
23418 
23419 
23420 
23421 
23422 
23423 
23424 
23425 
23426 
23427 
23428 
23429 
23430 
23431 
23432 
23433 
23434 
23435 
23436 
23437 
23438 
23439 
23440 
23441 
23442 
23443 
23444 
23445 
23446 
23447 
23448 
23449 
23450 
23451 
23452 
23453 
23454 
23455 
23456 
23457 
23458 
23459 
23460 
23461 
23462 
23463 
23464 
23465 
23466 
23467 
23468 
23469 
23470 
23471 
23472 
23473 
23474 
23475 
23476 
23477 
23478 
23479 
23480 
23481 
23482 
23483 
23484 
23485 
23486 
23487 
23488 
23489 
23490 
23491 
23492 
23493 
23494 
23495 
23496 
23497 
23498 
23499 
23500 
23501 
23502 
23503 
23504 
23505 
23506 
23507 
23508 
23509 
23510 
23511 
23512 
23513 
23514 
23515 
23516 
23517 
23518 
23519 
23520 
23521 
23522 
23523 
23524 
23525 
23526 
23527 
23528 
23529 
23530 
23531 
23532 
23533 
23534 
23535 
23536 
23537 
23538 
23539 
23540 
23541 
23542 
23543 
23544 
23545 
23546 
23547 
23548 
23549 
23550 
23551 
23552 
23553 
23554 
23555 
23556 
23557 
23558 
23559 
23560 
23561 
23562 
23563 
23564 
23565 
23566 
23567 
23568 
23569 
23570 
23571 
23572 
23573 
23574 
23575 
23576 
23577 
23578 
23579 
23580 
23581 
23582 
23583 
23584 
23585 
23586 
23587 
23588 
23589 
23590 
23591 
23592 
23593 
23594 
23595 
23596 
23597 
23598 
23599 
23600 
23601 
23602 
23603 
23604 
23605 
23606 
23607 
23608 
23609 
23610 
23611 
23612 
23613 
23614 
23615 
23616 
23617 
23618 
23619 
23620 
23621 
23622 
23623 
23624 
23625 
23626 
23627 
23628 
23629 
23630 
23631 
23632 
23633 
23634 
23635 
23636 
23637 
23638 
23639 
23640 
23641 
23642 
23643 
23644 
23645 
23646 
23647 
23648 
23649 
23650 
23651 
23652 
23653 
23654 
23655 
23656 
23657 
23658 
23659 
23660 
23661 
23662 
23663 
23664 
23665 
23666 
23667 
23668 
23669 
23670 
23671 
23672 
23673 
23674 
23675 
23676 
23677 
23678 
23679 
23680 
23681 
23682 
23683 
23684 
23685 
23686 
23687 
23688 
23689 
23690 
23691 
23692 
23693 
23694 
23695 
23696 
23697 
23698 
23699 
23700 
23701 
23702 
23703 
23704 
23705 
23706 
23707 
23708 
23709 
23710 
23711 
23712 
23713 
23714 
23715 
23716 
23717 
23718 
23719 
23720 
23721 
23722 
23723 
23724 
23725 
23726 
23727 
23728 
23729 
23730 
23731 
23732 
23733 
23734 
23735 
23736 
23737 
23738 
23739 
23740 
23741 
23742 
23743 
23744 
23745 
23746 
23747 
23748 
23749 
23750 
23751 
23752 
23753 
23754 
23755 
23756 
23757 
23758 
23759 
23760 
23761 
23762 
23763 
23764 
23765 
23766 
23767 
23768 
23769 
23770 
23771 
23772 
23773 
23774 
23775 
23776 
23777 
23778 
23779 
23780 
23781 
23782 
23783 
23784 
23785 
23786 
23787 
23788 
23789 
23790 
23791 
23792 
23793 
23794 
23795 
23796 
23797 
23798 
23799 
23800 
23801 
23802 
23803 
23804 
23805 
23806 
23807 
23808 
23809 
23810 
23811 
23812 
23813 
23814 
23815 
23816 
23817 
23818 
23819 
23820 
23821 
23822 
23823 
23824 
23825 
23826 
23827 
23828 
23829 
23830 
23831 
23832 
23833 
23834 
23835 
23836 
23837 
23838 
23839 
23840 
23841 
23842 
23843 
23844 
23845 
23846 
23847 
23848 
23849 
23850 
23851 
23852 
23853 
23854 
23855 
23856 
23857 
23858 
23859 
23860 
23861 
23862 
23863 
23864 
23865 
23866 
23867 
23868 
23869 
23870 
23871 
23872 
23873 
23874 
23875 
23876 
23877 
23878 
23879 
23880 
23881 
23882 
23883 
23884 
23885 
23886 
23887 
23888 
23889 
23890 
23891 
23892 
23893 
23894 
23895 
23896 
23897 
23898 
23899 
23900 
23901 
23902 
23903 
23904 
23905 
23906 
23907 
23908 
23909 
23910 
23911 
23912 
23913 
23914 
23915 
23916 
23917 
23918 
23919 
23920 
23921 
23922 
23923 
23924 
23925 
23926 
23927 
23928 
23929 
23930 
23931 
23932 
23933 
23934 
23935 
23936 
23937 
23938 
23939 
23940 
23941 
23942 
23943 
23944 
23945 
23946 
23947 
23948 
23949 
23950 
23951 
23952 
23953 
23954 
23955 
23956 
23957 
23958 
23959 
23960 
23961 
23962 
23963 
23964 
23965 
23966 
23967 
23968 
23969 
23970 
23971 
23972 
23973 
23974 
23975 
23976 
23977 
23978 
23979 
23980 
23981 
23982 
23983 
23984 
23985 
23986 
23987 
23988 
23989 
23990 
23991 
23992 
23993 
23994 
23995 
23996 
23997 
23998 
23999 
24000 
24001 
24002 
24003 
24004 
24005 
24006 
24007 
24008 
24009 
24010 
24011 
24012 
24013 
24014 
24015 
24016 
24017 
24018 
24019 
24020 
24021 
24022 
24023 
24024 
24025 
24026 
24027 
24028 
24029 
24030 
24031 
24032 
24033 
24034 
24035 
24036 
24037 
24038 
24039 
24040 
24041 
24042 
24043 
24044 
24045 
24046 
24047 
24048 
24049 
24050 
24051 
24052 
24053 
24054 
24055 
24056 
24057 
24058 
24059 
24060 
24061 
24062 
24063 
24064 
24065 
24066 
24067 
24068 
24069 
24070 
24071 
24072 
24073 
24074 
24075 
24076 
24077 
24078 
24079 
24080 
24081 
24082 
24083 
24084 
24085 
24086 
24087 
24088 
24089 
24090 
24091 
24092 
24093 
24094 
24095 
24096 
24097 
24098 
24099 
24100 
24101 
24102 
24103 
24104 
24105 
24106 
24107 
24108 
24109 
24110 
24111 
24112 
24113 
24114 
24115 
24116 
24117 
24118 
24119 
24120 
24121 
24122 
24123 
24124 
24125 
24126 
24127 
24128 
24129 
24130 
24131 
24132 
24133 
24134 
24135 
24136 
24137 
24138 
24139 
24140 
24141 
24142 
24143 
24144 
24145 
24146 
24147 
24148 
24149 
24150 
24151 
24152 
24153 
24154 
24155 
24156 
24157 
24158 
24159 
24160 
24161 
24162 
24163 
24164 
24165 
24166 
24167 
24168 
24169 
24170 
24171 
24172 
24173 
24174 
24175 
24176 
24177 
24178 
24179 
24180 
24181 
24182 
24183 
24184 
24185 
24186 
24187 
24188 
24189 
24190 
24191 
24192 
24193 
24194 
24195 
24196 
24197 
24198 
24199 
24200 
24201 
24202 
24203 
24204 
24205 
24206 
24207 
24208 
24209 
24210 
24211 
24212 
24213 
24214 
24215 
24216 
24217 
24218 
24219 
24220 
24221 
24222 
24223 
24224 
24225 
24226 
24227 
24228 
24229 
24230 
24231 
24232 
24233 
24234 
24235 
24236 
24237 
24238 
24239 
24240 
24241 
24242 
24243 
24244 
24245 
24246 
24247 
24248 
24249 
24250 
24251 
24252 
24253 
24254 
24255 
24256 
24257 
24258 
24259 
24260 
24261 
24262 
24263 
24264 
24265 
24266 
24267 
24268 
24269 
24270 
24271 
24272 
24273 
24274 
24275 
24276 
24277 
24278 
24279 
24280 
24281 
24282 
24283 
24284 
24285 
24286 
24287 
24288 
24289 
24290 
24291 
24292 
24293 
24294 
24295 
24296 
24297 
24298 
24299 
24300 
24301 
24302 
24303 
24304 
24305 
24306 
24307 
24308 
24309 
24310 
24311 
24312 
24313 
24314 
24315 
24316 
24317 
24318 
24319 
24320 
24321 
24322 
24323 
24324 
24325 
24326 
24327 
24328 
24329 
24330 
24331 
24332 
24333 
24334 
24335 
24336 
24337 
24338 
24339 
24340 
24341 
24342 
24343 
24344 
24345 
24346 
24347 
24348 
24349 
24350 
24351 
24352 
24353 
24354 
24355 
24356 
24357 
24358 
24359 
24360 
24361 
24362 
24363 
24364 
24365 
24366 
24367 
24368 
24369 
24370 
24371 
24372 
24373 
24374 
24375 
24376 
24377 
24378 
24379 
24380 
24381 
24382 
24383 
24384 
24385 
24386 
24387 
24388 
24389 
24390 
24391 
24392 
24393 
24394 
24395 
24396 
24397 
24398 
24399 
24400 
24401 
24402 
24403 
24404 
24405 
24406 
24407 
24408 
24409 
24410 
24411 
24412 
24413 
24414 
24415 
24416 
24417 
24418 
24419 
24420 
24421 
24422 
24423 
24424 
24425 
24426 
24427 
24428 
24429 
24430 
24431 
24432 
24433 
24434 
24435 
24436 
24437 
24438 
24439 
24440 
24441 
24442 
24443 
24444 
24445 
24446 
24447 
24448 
24449 
24450 
24451 
24452 
24453 
24454 
24455 
24456 
24457 
24458 
24459 
24460 
24461 
24462 
24463 
24464 
24465 
24466 
24467 
24468 
24469 
24470 
24471 
24472 
24473 
24474 
24475 
24476 
24477 
24478 
24479 
24480 
24481 
24482 
24483 
24484 
24485 
24486 
24487 
24488 
24489 
24490 
24491 
24492 
24493 
24494 
24495 
24496 
24497 
24498 
24499 
24500 
24501 
24502 
24503 
24504 
24505 
24506 
24507 
24508 
24509 
24510 
24511 
24512 
24513 
24514 
24515 
24516 
24517 
24518 
24519 
24520 
24521 
24522 
24523 
24524 
24525 
24526 
24527 
24528 
24529 
24530 
24531 
24532 
24533 
24534 
24535 
24536 
24537 
24538 
24539 
24540 
24541 
24542 
24543 
24544 
24545 
24546 
24547 
24548 
24549 
24550 
24551 
24552 
24553 
24554 
24555 
24556 
24557 
24558 
24559 
24560 
24561 
24562 
24563 
24564 
24565 
24566 
24567 
24568 
24569 
24570 
24571 
24572 
24573 
24574 
24575 
24576 
24577 
24578 
24579 
24580 
24581 
24582 
24583 
24584 
24585 
24586 
24587 
24588 
24589 
24590 
24591 
24592 
24593 
24594 
24595 
24596 
24597 
24598 
24599 
24600 
24601 
24602 
24603 
24604 
24605 
24606 
24607 
24608 
24609 
24610 
24611 
24612 
24613 
24614 
24615 
24616 
24617 
24618 
24619 
24620 
24621 
24622 
24623 
24624 
24625 
24626 
24627 
24628 
24629 
24630 
24631 
24632 
24633 
24634 
24635 
24636 
24637 
24638 
24639 
24640 
24641 
24642 
24643 
24644 
24645 
24646 
24647 
24648 
24649 
24650 
24651 
24652 
24653 
24654 
24655 
24656 
24657 
24658 
24659 
24660 
24661 
24662 
24663 
24664 
24665 
24666 
24667 
24668 
24669 
24670 
24671 
24672 
24673 
24674 
24675 
24676 
24677 
24678 
24679 
24680 
24681 
24682 
24683 
24684 
24685 
24686 
24687 
24688 
24689 
24690 
24691 
24692 
24693 
24694 
24695 
24696 
24697 
24698 
24699 
24700 
24701 
24702 
24703 
24704 
24705 
24706 
24707 
24708 
24709 
24710 
24711 
24712 
24713 
24714 
24715 
24716 
24717 
24718 
24719 
24720 
24721 
24722 
24723 
24724 
24725 
24726 
24727 
24728 
24729 
24730 
24731 
24732 
24733 
24734 
24735 
24736 
24737 
24738 
24739 
24740 
24741 
24742 
24743 
24744 
24745 
24746 
24747 
24748 
24749 
24750 
24751 
24752 
24753 
24754 
24755 
24756 
24757 
24758 
24759 
24760 
24761 
24762 
24763 
24764 
24765 
24766 
24767 
24768 
24769 
24770 
24771 
24772 
24773 
24774 
24775 
24776 
24777 
24778 
24779 
24780 
24781 
24782 
24783 
24784 
24785 
24786 
24787 
24788 
24789 
24790 
24791 
24792 
24793 
24794 
24795 
24796 
24797 
24798 
24799 
24800 
24801 
24802 
24803 
24804 
24805 
24806 
24807 
24808 
24809 
24810 
24811 
24812 
24813 
24814 
24815 
24816 
24817 
24818 
24819 
24820 
24821 
24822 
24823 
24824 
24825 
24826 
24827 
24828 
24829 
24830 
24831 
24832 
24833 
24834 
24835 
24836 
24837 
24838 
24839 
24840 
24841 
24842 
24843 
24844 
24845 
24846 
24847 
24848 
24849 
24850 
24851 
24852 
24853 
24854 
24855 
24856 
24857 
24858 
24859 
24860 
24861 
24862 
24863 
24864 
24865 
24866 
24867 
24868 
24869 
24870 
24871 
24872 
24873 
24874 
24875 
24876 
24877 
24878 
24879 
24880 
24881 
24882 
24883 
24884 
24885 
24886 
24887 
24888 
24889 
24890 
24891 
24892 
24893 
24894 
24895 
24896 
24897 
24898 
24899 
24900 
24901 
24902 
24903 
24904 
24905 
24906 
24907 
24908 
24909 
24910 
24911 
24912 
24913 
24914 
24915 
24916 
24917 
24918 
24919 
24920 
24921 
24922 
24923 
24924 
24925 
24926 
24927 
24928 
24929 
24930 
24931 
24932 
24933 
24934 
24935 
24936 
24937 
24938 
24939 
24940 
24941 
24942 
24943 
24944 
24945 
24946 
24947 
24948 
24949 
24950 
24951 
24952 
24953 
24954 
24955 
24956 
24957 
24958 
24959 
24960 
24961 
24962 
24963 
24964 
24965 
24966 
24967 
24968 
24969 
24970 
24971 
24972 
24973 
24974 
24975 
24976 
24977 
24978 
24979 
24980 
24981 
24982 
24983 
24984 
24985 
24986 
24987 
24988 
24989 
24990 
24991 
24992 
24993 
24994 
24995 
24996 
24997 
24998 
24999 
25000 
25001 
25002 
25003 
25004 
25005 
25006 
25007 
25008 
25009 
25010 
25011 
25012 
25013 
25014 
25015 
25016 
25017 
25018 
25019 
25020 
25021 
25022 
25023 
25024 
25025 
25026 
25027 
25028 
25029 
25030 
25031 
25032 
25033 
25034 
25035 
25036 
25037 
25038 
25039 
25040 
25041 
25042 
25043 
25044 
25045 
25046 
25047 
25048 
25049 
25050 
25051 
25052 
25053 
25054 
25055 
25056 
25057 
25058 
25059 
25060 
25061 
25062 
25063 
25064 
25065 
25066 
25067 
25068 
25069 
25070 
25071 
25072 
25073 
25074 
25075 
25076 
25077 
25078 
25079 
25080 
25081 
25082 
25083 
25084 
25085 
25086 
25087 
25088 
25089 
25090 
25091 
25092 
25093 
25094 
25095 
25096 
25097 
25098 
25099 
25100 
25101 
25102 
25103 
25104 
25105 
25106 
25107 
25108 
25109 
25110 
25111 
25112 
25113 
25114 
25115 
25116 
25117 
25118 
25119 
25120 
25121 
25122 
25123 
25124 
25125 
25126 
25127 
25128 
25129 
25130 
25131 
25132 
25133 
25134 
25135 
25136 
25137 
25138 
25139 
25140 
25141 
25142 
25143 
25144 
25145 
25146 
25147 
25148 
25149 
25150 
25151 
25152 
25153 
25154 
25155 
25156 
25157 
25158 
25159 
25160 
25161 
25162 
25163 
25164 
25165 
25166 
25167 
25168 
25169 
25170 
25171 
25172 
25173 
25174 
25175 
25176 
25177 
25178 
25179 
25180 
25181 
25182 
25183 
25184 
25185 
25186 
25187 
25188 
25189 
25190 
25191 
25192 
25193 
25194 
25195 
25196 
25197 
25198 
25199 
25200 
25201 
25202 
25203 
25204 
25205 
25206 
25207 
25208 
25209 
25210 
25211 
25212 
25213 
25214 
25215 
25216 
25217 
25218 
25219 
25220 
25221 
25222 
25223 
25224 
25225 
25226 
25227 
25228 
25229 
25230 
25231 
25232 
25233 
25234 
25235 
25236 
25237 
25238 
25239 
25240 
25241 
25242 
25243 
25244 
25245 
25246 
25247 
25248 
25249 
25250 
25251 
25252 
25253 
25254 
25255 
25256 
25257 
25258 
25259 
25260 
25261 
25262 
25263 
25264 
25265 
25266 
25267 
25268 
25269 
25270 
25271 
25272 
25273 
25274 
25275 
25276 
25277 
25278 
25279 
25280 
25281 
25282 
25283 
25284 
25285 
25286 
25287 
25288 
25289 
25290 
25291 
25292 
25293 
25294 
25295 
25296 
25297 
25298 
25299 
25300 
25301 
25302 
25303 
25304 
25305 
25306 
25307 
25308 
25309 
25310 
25311 
25312 
25313 
25314 
25315 
25316 
25317 
25318 
25319 
25320 
25321 
25322 
25323 
25324 
25325 
25326 
25327 
25328 
25329 
25330 
25331 
25332 
25333 
25334 
25335 
25336 
25337 
25338 
25339 
25340 
25341 
25342 
25343 
25344 
25345 
25346 
25347 
25348 
25349 
25350 
25351 
25352 
25353 
25354 
25355 
25356 
25357 
25358 
25359 
25360 
25361 
25362 
25363 
25364 
25365 
25366 
25367 
25368 
25369 
25370 
25371 
25372 
25373 
25374 
25375 
25376 
25377 
25378 
25379 
25380 
25381 
25382 
25383 
25384 
25385 
25386 
25387 
25388 
25389 
25390 
25391 
25392 
25393 
25394 
25395 
25396 
25397 
25398 
25399 
25400 
25401 
25402 
25403 
25404 
25405 
25406 
25407 
25408 
25409 
25410 
25411 
25412 
25413 
25414 
25415 
25416 
25417 
25418 
25419 
25420 
25421 
25422 
25423 
25424 
25425 
25426 
25427 
25428 
25429 
25430 
25431 
25432 
25433 
25434 
25435 
25436 
25437 
25438 
25439 
25440 
25441 
25442 
25443 
25444 
25445 
25446 
25447 
25448 
25449 
25450 
25451 
25452 
25453 
25454 
25455 
25456 
25457 
25458 
25459 
25460 
25461 
25462 
25463 
25464 
25465 
25466 
25467 
25468 
25469 
25470 
25471 
25472 
25473 
25474 
25475 
25476 
25477 
25478 
25479 
25480 
25481 
25482 
25483 
25484 
25485 
25486 
25487 
25488 
25489 
25490 
25491 
25492 
25493 
25494 
25495 
25496 
25497 
25498 
25499 
25500 
25501 
25502 
25503 
25504 
25505 
25506 
25507 
25508 
25509 
25510 
25511 
25512 
25513 
25514 
25515 
25516 
25517 
25518 
25519 
25520 
25521 
25522 
25523 
25524 
25525 
25526 
25527 
25528 
25529 
25530 
25531 
25532 
25533 
25534 
25535 
25536 
25537 
25538 
25539 
25540 
25541 
25542 
25543 
25544 
25545 
25546 
25547 
25548 
25549 
25550 
25551 
25552 
25553 
25554 
25555 
25556 
25557 
25558 
25559 
25560 
25561 
25562 
25563 
25564 
25565 
25566 
25567 
25568 
25569 
25570 
25571 
25572 
25573 
25574 
25575 
25576 
25577 
25578 
25579 
25580 
25581 
25582 
25583 
25584 
25585 
25586 
25587 
25588 
25589 
25590 
25591 
25592 
25593 
25594 
25595 
25596 
25597 
25598 
25599 
25600 
25601 
25602 
25603 
25604 
25605 
25606 
25607 
25608 
25609 
25610 
25611 
25612 
25613 
25614 
25615 
25616 
25617 
25618 
25619 
25620 
25621 
25622 
25623 
25624 
25625 
25626 
25627 
25628 
25629 
25630 
25631 
25632 
25633 
25634 
25635 
25636 
25637 
25638 
25639 
25640 
25641 
25642 
25643 
25644 
25645 
25646 
25647 
25648 
25649 
25650 
25651 
25652 
25653 
25654 
25655 
25656 
25657 
25658 
25659 
25660 
25661 
25662 
25663 
25664 
25665 
25666 
25667 
25668 
25669 
25670 
25671 
25672 
25673 
25674 
25675 
25676 
25677 
25678 
25679 
25680 
25681 
25682 
25683 
25684 
25685 
25686 
25687 
25688 
25689 
25690 
25691 
25692 
25693 
25694 
25695 
25696 
25697 
25698 
25699 
25700 
25701 
25702 
25703 
25704 
25705 
25706 
25707 
25708 
25709 
25710 
25711 
25712 
25713 
25714 
25715 
25716 
25717 
25718 
25719 
25720 
25721 
25722 
25723 
25724 
25725 
25726 
25727 
25728 
25729 
25730 
25731 
25732 
25733 
25734 
25735 
25736 
25737 
25738 
25739 
25740 
25741 
25742 
25743 
25744 
25745 
25746 
25747 
25748 
25749 
25750 
25751 
25752 
25753 
25754 
25755 
25756 
25757 
25758 
25759 
25760 
25761 
25762 
25763 
25764 
25765 
25766 
25767 
25768 
25769 
25770 
25771 
25772 
25773 
25774 
25775 
25776 
25777 
25778 
25779 
25780 
25781 
25782 
25783 
25784 
25785 
25786 
25787 
25788 
25789 
25790 
25791 
25792 
25793 
25794 
25795 
25796 
25797 
25798 
25799 
25800 
25801 
25802 
25803 
25804 
25805 
25806 
25807 
25808 
25809 
25810 
25811 
25812 
25813 
25814 
25815 
25816 
25817 
25818 
25819 
25820 
25821 
25822 
25823 
25824 
25825 
25826 
25827 
25828 
25829 
25830 
25831 
25832 
25833 
25834 
25835 
25836 
25837 
25838 
25839 
25840 
25841 
25842 
25843 
25844 
25845 
25846 
25847 
25848 
25849 
25850 
25851 
25852 
25853 
25854 
25855 
25856 
25857 
25858 
25859 
25860 
25861 
25862 
25863 
25864 
25865 
25866 
25867 
25868 
25869 
25870 
25871 
25872 
25873 
25874 
25875 
25876 
25877 
25878 
25879 
25880 
25881 
25882 
25883 
25884 
25885 
25886 
25887 
25888 
25889 
25890 
25891 
25892 
25893 
25894 
25895 
25896 
25897 
25898 
25899 
25900 
25901 
25902 
25903 
25904 
25905 
25906 
25907 
25908 
25909 
25910 
25911 
25912 
25913 
25914 
25915 
25916 
25917 
25918 
25919 
25920 
25921 
25922 
25923 
25924 
25925 
25926 
25927 
25928 
25929 
25930 
25931 
25932 
25933 
25934 
25935 
25936 
25937 
25938 
25939 
25940 
25941 
25942 
25943 
25944 
25945 
25946 
25947 
25948 
25949 
25950 
25951 
25952 
25953 
25954 
25955 
25956 
25957 
25958 
25959 
25960 
25961 
25962 
25963 
25964 
25965 
25966 
25967 
25968 
25969 
25970 
25971 
25972 
25973 
25974 
25975 
25976 
25977 
25978 
25979 
25980 
25981 
25982 
25983 
25984 
25985 
25986 
25987 
25988 
25989 
25990 
25991 
25992 
25993 
25994 
25995 
25996 
25997 
25998 
25999 
26000 
26001 
26002 
26003 
26004 
26005 
26006 
26007 
26008 
26009 
26010 
26011 
26012 
26013 
26014 
26015 
26016 
26017 
26018 
26019 
26020 
26021 
26022 
26023 
26024 
26025 
26026 
26027 
26028 
26029 
26030 
26031 
26032 
26033 
26034 
26035 
26036 
26037 
26038 
26039 
26040 
26041 
26042 
26043 
26044 
26045 
26046 
26047 
26048 
26049 
26050 
26051 
26052 
26053 
26054 
26055 
26056 
26057 
26058 
26059 
26060 
26061 
26062 
26063 
26064 
26065 
26066 
26067 
26068 
26069 
26070 
26071 
26072 
26073 
26074 
26075 
26076 
26077 
26078 
26079 
26080 
26081 
26082 
26083 
26084 
26085 
26086 
26087 
26088 
26089 
26090 
26091 
26092 
26093 
26094 
26095 
26096 
26097 
26098 
26099 
26100 
26101 
26102 
26103 
26104 
26105 
26106 
26107 
26108 
26109 
26110 
26111 
26112 
26113 
26114 
26115 
26116 
26117 
26118 
26119 
26120 
26121 
26122 
26123 
26124 
26125 
26126 
26127 
26128 
26129 
26130 
26131 
26132 
26133 
26134 
26135 
26136 
26137 
26138 
26139 
26140 
26141 
26142 
26143 
26144 
26145 
26146 
26147 
26148 
26149 
26150 
26151 
26152 
26153 
26154 
26155 
26156 
26157 
26158 
26159 
26160 
26161 
26162 
26163 
26164 
26165 
26166 
26167 
26168 
26169 
26170 
26171 
26172 
26173 
26174 
26175 
26176 
26177 
26178 
26179 
26180 
26181 
26182 
26183 
26184 
26185 
26186 
26187 
26188 
26189 
26190 
26191 
26192 
26193 
26194 
26195 
26196 
26197 
26198 
26199 
26200 
26201 
26202 
26203 
26204 
26205 
26206 
26207 
26208 
26209 
26210 
26211 
26212 
26213 
26214 
26215 
26216 
26217 
26218 
26219 
26220 
26221 
26222 
26223 
26224 
26225 
26226 
26227 
26228 
26229 
26230 
26231 
26232 
26233 
26234 
26235 
26236 
26237 
26238 
26239 
26240 
26241 
26242 
26243 
26244 
26245 
26246 
26247 
26248 
26249 
26250 
26251 
26252 
26253 
26254 
26255 
26256 
26257 
26258 
26259 
26260 
26261 
26262 
26263 
26264 
26265 
26266 
26267 
26268 
26269 
26270 
26271 
26272 
26273 
26274 
26275 
26276 
26277 
26278 
26279 
26280 
26281 
26282 
26283 
26284 
26285 
26286 
26287 
26288 
26289 
26290 
26291 
26292 
26293 
26294 
26295 
26296 
26297 
26298 
26299 
26300 
26301 
26302 
26303 
26304 
26305 
26306 
26307 
26308 
26309 
26310 
26311 
26312 
26313 
26314 
26315 
26316 
26317 
26318 
26319 
26320 
26321 
26322 
26323 
26324 
26325 
26326 
26327 
26328 
26329 
26330 
26331 
26332 
26333 
26334 
26335 
26336 
26337 
26338 
26339 
26340 
26341 
26342 
26343 
26344 
26345 
26346 
26347 
26348 
26349 
26350 
26351 
26352 
26353 
26354 
26355 
26356 
26357 
26358 
26359 
26360 
26361 
26362 
26363 
26364 
26365 
26366 
26367 
26368 
26369 
26370 
26371 
26372 
26373 
26374 
26375 
26376 
26377 
26378 
26379 
26380 
26381 
26382 
26383 
26384 
26385 
26386 
26387 
26388 
26389 
26390 
26391 
26392 
26393 
26394 
26395 
26396 
26397 
26398 
26399 
26400 
26401 
26402 
26403 
26404 
26405 
26406 
26407 
26408 
26409 
26410 
26411 
26412 
26413 
26414 
26415 
26416 
26417 
26418 
26419 
26420 
26421 
26422 
26423 
26424 
26425 
26426 
26427 
26428 
26429 
26430 
26431 
26432 
26433 
26434 
26435 
26436 
26437 
26438 
26439 
26440 
26441 
26442 
26443 
26444 
26445 
26446 
26447 
26448 
26449 
26450 
26451 
26452 
26453 
26454 
26455 
26456 
26457 
26458 
26459 
26460 
26461 
26462 
26463 
26464 
26465 
26466 
26467 
26468 
26469 
26470 
26471 
26472 
26473 
26474 
26475 
26476 
26477 
26478 
26479 
26480 
26481 
26482 
26483 
26484 
26485 
26486 
26487 
26488 
26489 
26490 
26491 
26492 
26493 
26494 
26495 
26496 
26497 
26498 
26499 
26500 
26501 
26502 
26503 
26504 
26505 
26506 
26507 
26508 
26509 
26510 
26511 
26512 
26513 
26514 
26515 
26516 
26517 
26518 
26519 
26520 
26521 
26522 
26523 
26524 
26525 
26526 
26527 
26528 
26529 
26530 
26531 
26532 
26533 
26534 
26535 
26536 
26537 
26538 
26539 
26540 
26541 
26542 
26543 
26544 
26545 
26546 
26547 
26548 
26549 
26550 
26551 
26552 
26553 
26554 
26555 
26556 
26557 
26558 
26559 
26560 
26561 
26562 
26563 
26564 
26565 
26566 
26567 
26568 
26569 
26570 
26571 
26572 
26573 
26574 
26575 
26576 
26577 
26578 
26579 
26580 
26581 
26582 
26583 
26584 
26585 
26586 
26587 
26588 
26589 
26590 
26591 
26592 
26593 
26594 
26595 
26596 
26597 
26598 
26599 
26600 
26601 
26602 
26603 
26604 
26605 
26606 
26607 
26608 
26609 
26610 
26611 
26612 
26613 
26614 
26615 
26616 
26617 
26618 
26619 
26620 
26621 
26622 
26623 
26624 
26625 
26626 
26627 
26628 
26629 
26630 
26631 
26632 
26633 
26634 
26635 
26636 
26637 
26638 
26639 
26640 
26641 
26642 
26643 
26644 
26645 
26646 
26647 
26648 
26649 
26650 
26651 
26652 
26653 
26654 
26655 
26656 
26657 
26658 
26659 
26660 
26661 
26662 
26663 
26664 
26665 
26666 
26667 
26668 
26669 
26670 
26671 
26672 
26673 
26674 
26675 
26676 
26677 
26678 
26679 
26680 
26681 
26682 
26683 
26684 
26685 
26686 
26687 
26688 
26689 
26690 
26691 
26692 
26693 
26694 
26695 
26696 
26697 
26698 
26699 
26700 
26701 
26702 
26703 
26704 
26705 
26706 
26707 
26708 
26709 
26710 
26711 
26712 
26713 
26714 
26715 
26716 
26717 
26718 
26719 
26720 
26721 
26722 
26723 
26724 
26725 
26726 
26727 
26728 
26729 
26730 
26731 
26732 
26733 
26734 
26735 
26736 
26737 
26738 
26739 
26740 
26741 
26742 
26743 
26744 
26745 
26746 
26747 
26748 
26749 
26750 
26751 
26752 
26753 
26754 
26755 
26756 
26757 
26758 
26759 
26760 
26761 
26762 
26763 
26764 
26765 
26766 
26767 
26768 
26769 
26770 
26771 
26772 
26773 
26774 
26775 
26776 
26777 
26778 
26779 
26780 
26781 
26782 
26783 
26784 
26785 
26786 
26787 
26788 
26789 
26790 
26791 
26792 
26793 
26794 
26795 
26796 
26797 
26798 
26799 
26800 
26801 
26802 
26803 
26804 
26805 
26806 
26807 
26808 
26809 
26810 
26811 
26812 
26813 
26814 
26815 
26816 
26817 
26818 
26819 
26820 
26821 
26822 
26823 
26824 
26825 
26826 
26827 
26828 
26829 
26830 
26831 
26832 
26833 
26834 
26835 
26836 
26837 
26838 
26839 
26840 
26841 
26842 
26843 
26844 
26845 
26846 
26847 
26848 
26849 
26850 
26851 
26852 
26853 
26854 
26855 
26856 
26857 
26858 
26859 
26860 
26861 
26862 
26863 
26864 
26865 
26866 
26867 
26868 
26869 
26870 
26871 
26872 
26873 
26874 
26875 
26876 
26877 
26878 
26879 
26880 
26881 
26882 
26883 
26884 
26885 
26886 
26887 
26888 
26889 
26890 
26891 
26892 
26893 
26894 
26895 
26896 
26897 
26898 
26899 
26900 
26901 
26902 
26903 
26904 
26905 
26906 
26907 
26908 
26909 
26910 
26911 
26912 
26913 
26914 
26915 
26916 
26917 
26918 
26919 
26920 
26921 
26922 
26923 
26924 
26925 
26926 
26927 
26928 
26929 
26930 
26931 
26932 
26933 
26934 
)

// ************************************************************************* //
