/*--------------------------------*- C++ -*----------------------------------*\
  =========                 |
  \\      /  F ield         | OpenFOAM: The Open Source CFD Toolbox
   \\    /   O peration     | Website:  https://openfoam.org
    \\  /    A nd           | Version:  7
     \\/     M anipulation  |
\*---------------------------------------------------------------------------*/
FoamFile
{
    version     2.0;
    format      ascii;
    class       faceSet;
    location    "constant/polyMesh/sets";
    object      wallsPorous;
}
// * * * * * * * * * * * * * * * * * * * * * * * * * * * * * * * * * * * * * //


423
(
0 
9217 
1025 
2051 
3077 
6 
9223 
4103 
5129 
6155 
12 
9229 
7181 
8207 
8209 
9233 
18 
8215 
24 
8221 
30 
8227 
36 
8233 
42 
8239 
48 
8245 
54 
8251 
60 
8257 
66 
8263 
72 
8269 
78 
8275 
84 
8281 
90 
8287 
96 
8293 
102 
8299 
108 
8305 
113 
114 
1139 
2165 
8311 
3191 
120 
4217 
5243 
8317 
6269 
126 
7295 
8321 
8323 
132 
8329 
138 
8335 
144 
8341 
150 
8347 
156 
8353 
162 
8359 
168 
8365 
174 
8371 
180 
8377 
186 
8383 
192 
8389 
198 
8395 
204 
8401 
210 
8407 
216 
8413 
222 
8419 
227 
228 
1253 
2279 
8425 
3305 
234 
4331 
5357 
8431 
6383 
240 
7409 
8435 
8437 
246 
8443 
252 
8449 
258 
8455 
264 
8461 
270 
8467 
276 
8473 
282 
8479 
288 
8485 
294 
8491 
300 
8497 
306 
8503 
312 
8509 
318 
8515 
324 
8521 
330 
8527 
336 
8533 
341 
342 
1367 
2393 
8539 
3419 
348 
4445 
5471 
8545 
6497 
354 
7523 
8549 
8551 
360 
8557 
366 
8563 
372 
8569 
378 
8575 
384 
8581 
390 
8587 
396 
8593 
402 
8599 
408 
8605 
414 
8611 
420 
8617 
426 
8623 
432 
8629 
438 
8635 
444 
8641 
450 
8647 
455 
456 
1481 
2507 
8653 
3533 
462 
4559 
5585 
8659 
6611 
468 
7637 
8663 
8665 
474 
8671 
480 
8677 
486 
8683 
492 
8689 
498 
8695 
504 
8701 
510 
8707 
516 
8713 
522 
8719 
528 
8725 
534 
8731 
540 
8737 
546 
8743 
552 
8749 
558 
8755 
564 
8761 
569 
570 
1595 
2621 
8767 
3647 
576 
4673 
5699 
8773 
6725 
582 
7751 
8777 
8779 
588 
8785 
594 
8791 
600 
8797 
606 
8803 
612 
8809 
618 
8815 
624 
8821 
630 
8827 
636 
8833 
642 
8839 
648 
8845 
654 
8851 
660 
8857 
666 
8863 
672 
8869 
678 
8875 
683 
684 
1709 
2735 
8881 
3761 
690 
4787 
5813 
8887 
6839 
696 
7865 
8891 
8893 
702 
8899 
708 
8905 
714 
8911 
720 
8917 
726 
8923 
732 
8929 
738 
8935 
744 
8941 
750 
8947 
756 
8953 
762 
8959 
768 
8965 
774 
8971 
780 
8977 
786 
8983 
792 
8989 
797 
798 
1823 
2849 
8995 
3875 
804 
4901 
5927 
9001 
6953 
810 
7979 
9005 
9007 
816 
9013 
822 
9019 
828 
9025 
834 
9031 
840 
9037 
846 
9043 
852 
9049 
858 
9055 
864 
9061 
870 
9067 
876 
9073 
882 
9079 
888 
9085 
894 
9091 
900 
9097 
906 
9103 
911 
912 
1937 
2963 
9109 
3989 
918 
5015 
6041 
9115 
7067 
924 
8093 
9119 
9121 
930 
9127 
936 
9133 
942 
9139 
948 
9145 
954 
9151 
960 
9157 
966 
9163 
972 
9169 
978 
9175 
984 
9181 
990 
9187 
996 
9193 
1002 
9199 
1008 
9205 
1014 
9211 
1020 
)

// ************************************************************************* //
