/*--------------------------------*- C++ -*----------------------------------*\
  =========                 |
  \\      /  F ield         | OpenFOAM: The Open Source CFD Toolbox
   \\    /   O peration     | Website:  https://openfoam.org
    \\  /    A nd           | Version:  7
     \\/     M anipulation  |
\*---------------------------------------------------------------------------*/
FoamFile
{
    version     2.0;
    format      ascii;
    class       regIOobject;
    location    "constant/polyMesh";
    object      faceZones;
}
// * * * * * * * * * * * * * * * * * * * * * * * * * * * * * * * * * * * * * //

2
(
inlet
{
    type faceZone;
faceLabels      List<label> 
171
(
2
8
14
20
26
32
38
44
50
56
62
68
74
80
86
92
98
104
110
1028
1034
1040
1046
1052
1058
1064
1070
1076
1082
1088
1094
1100
1106
1112
1118
1124
1130
1136
2054
2060
2066
2072
2078
2084
2090
2096
2102
2108
2114
2120
2126
2132
2138
2144
2150
2156
2162
3080
3086
3092
3098
3104
3110
3116
3122
3128
3134
3140
3146
3152
3158
3164
3170
3176
3182
3188
4106
4112
4118
4124
4130
4136
4142
4148
4154
4160
4166
4172
4178
4184
4190
4196
4202
4208
4214
5132
5138
5144
5150
5156
5162
5168
5174
5180
5186
5192
5198
5204
5210
5216
5222
5228
5234
5240
6158
6164
6170
6176
6182
6188
6194
6200
6206
6212
6218
6224
6230
6236
6242
6248
6254
6260
6266
7184
7190
7196
7202
7208
7214
7220
7226
7232
7238
7244
7250
7256
7262
7268
7274
7280
7286
7292
8210
8216
8222
8228
8234
8240
8246
8252
8258
8264
8270
8276
8282
8288
8294
8300
8306
8312
8318
)
;
flipMap         List<bool> 171{1};
}

wallsPorous
{
    type faceZone;
faceLabels      List<label> 
423
(
8209
8215
8221
8227
8233
8239
8245
8251
8257
8263
8269
8275
8281
8287
8293
8299
8305
8311
8317
8323
8329
8335
8341
8347
8353
8359
8365
8371
8377
8383
8389
8395
8401
8407
8413
8419
8425
8431
8437
8443
8449
8455
8461
8467
8473
8479
8485
8491
8497
8503
8509
8515
8521
8527
8533
8539
8545
8551
8557
8563
8569
8575
8581
8587
8593
8599
8605
8611
8617
8623
8629
8635
8641
8647
8653
8659
8665
8671
8677
8683
8689
8695
8701
8707
8713
8719
8725
8731
8737
8743
8749
8755
8761
8767
8773
8779
8785
8791
8797
8803
8809
8815
8821
8827
8833
8839
8845
8851
8857
8863
8869
8875
8881
8887
8893
8899
8905
8911
8917
8923
8929
8935
8941
8947
8953
8959
8965
8971
8977
8983
8989
8995
9001
9007
9013
9019
9025
9031
9037
9043
9049
9055
9061
9067
9073
9079
9085
9091
9097
9103
9109
9115
9121
9127
9133
9139
9145
9151
9157
9163
9169
9175
9181
9187
9193
9199
9205
9211
9217
9223
9229
912
918
924
930
936
942
948
954
960
966
972
978
984
990
996
1002
1008
1014
1020
798
804
810
816
822
828
834
840
846
852
858
864
870
876
882
888
894
900
906
684
690
696
702
708
714
720
726
732
738
744
750
756
762
768
774
780
786
792
570
576
582
588
594
600
606
612
618
624
630
636
642
648
654
660
666
672
678
456
462
468
474
480
486
492
498
504
510
516
522
528
534
540
546
552
558
564
342
348
354
360
366
372
378
384
390
396
402
408
414
420
426
432
438
444
450
228
234
240
246
252
258
264
270
276
282
288
294
300
306
312
318
324
330
336
114
120
126
132
138
144
150
156
162
168
174
180
186
192
198
204
210
216
222
0
6
12
18
24
30
36
42
48
54
60
66
72
78
84
90
96
102
108
113
227
341
455
569
683
797
911
1025
1139
1253
1367
1481
1595
1709
1823
1937
2051
2165
2279
2393
2507
2621
2735
2849
2963
3077
3191
3305
3419
3533
3647
3761
3875
3989
4103
4217
4331
4445
4559
4673
4787
4901
5015
5129
5243
5357
5471
5585
5699
5813
5927
6041
6155
6269
6383
6497
6611
6725
6839
6953
7067
7181
7295
7409
7523
7637
7751
7865
7979
8093
8207
8321
8435
8549
8663
8777
8891
9005
9119
9233
)
;
flipMap         List<bool> 423{1};
}
)

// ************************************************************************* //
