/*--------------------------------*- C++ -*----------------------------------*\
  =========                 |
  \\      /  F ield         | OpenFOAM: The Open Source CFD Toolbox
   \\    /   O peration     | Website:  https://openfoam.org
    \\  /    A nd           | Version:  7
     \\/     M anipulation  |
\*---------------------------------------------------------------------------*/
FoamFile
{
    version     2.0;
    format      ascii;
    class       cellSet;
    location    "1/polyMesh/sets";
    object      refinedCells;
}
// * * * * * * * * * * * * * * * * * * * * * * * * * * * * * * * * * * * * * //


416
(
37905 
37906 
37907 
37908 
37909 
37910 
37911 
37912 
37913 
37914 
37915 
37916 
37917 
37918 
37919 
37920 
37921 
37922 
37923 
160805 
160806 
160807 
160808 
160809 
160810 
160811 
160812 
160813 
160814 
160815 
160816 
160817 
160818 
160819 
160820 
160821 
160822 
160823 
160824 
160825 
160826 
160827 
160828 
160829 
160830 
160831 
160832 
160833 
16492 
16493 
16494 
16495 
16496 
16497 
16498 
16499 
16500 
16501 
16502 
16503 
16504 
16505 
16506 
16507 
16508 
16509 
16510 
174319 
174320 
174321 
174322 
174323 
174324 
174325 
174326 
174327 
174328 
174329 
174330 
174331 
174332 
174333 
174334 
174335 
174336 
174337 
174338 
174339 
174340 
174341 
174342 
174343 
174344 
174345 
174346 
174347 
174348 
174349 
174350 
174351 
174352 
174353 
174354 
174355 
174356 
174357 
174358 
174359 
174360 
174361 
174362 
174363 
174364 
174365 
174366 
174367 
174368 
174369 
174370 
174371 
174372 
174373 
174374 
174375 
174376 
174377 
174378 
174379 
174380 
174381 
174382 
174383 
174384 
174385 
174386 
174387 
174388 
174389 
174390 
174391 
174392 
174393 
174394 
174395 
174396 
174397 
174398 
174399 
174400 
174401 
174402 
174403 
174404 
174405 
174406 
174407 
174408 
174409 
174410 
174411 
174412 
174413 
174414 
174415 
174416 
174417 
174418 
174419 
174420 
174421 
174422 
174423 
174424 
174425 
174426 
174427 
174428 
174429 
174430 
174431 
174432 
174433 
174434 
174435 
174436 
174437 
174438 
174439 
174440 
174441 
174442 
174443 
174444 
174445 
174446 
174447 
174448 
174449 
174450 
174451 
174452 
174453 
174454 
174455 
174456 
174457 
174458 
174459 
174460 
174461 
174462 
174463 
174464 
174465 
174466 
174467 
174468 
174469 
174470 
174471 
174472 
174473 
174474 
174475 
174476 
174477 
174478 
174479 
174480 
174481 
174482 
174483 
174484 
174485 
174486 
174487 
174488 
174489 
174490 
174491 
174492 
174493 
174494 
174495 
174496 
174497 
174498 
174499 
174500 
174501 
174502 
174503 
174504 
174505 
174506 
174507 
174508 
174509 
174510 
174511 
174512 
174513 
174514 
174515 
174516 
174517 
174518 
174519 
174520 
174521 
174522 
174523 
174524 
174525 
174526 
174527 
174528 
174529 
174530 
174531 
174532 
174533 
174534 
174535 
174536 
174537 
174538 
174539 
174540 
174541 
174542 
174543 
174544 
174545 
174546 
174547 
174548 
174549 
174550 
174551 
174552 
174553 
174554 
174555 
174556 
174557 
174558 
174559 
174560 
174561 
174562 
174563 
174564 
174565 
174566 
174567 
174568 
174569 
174570 
174571 
174572 
174573 
174574 
174575 
174576 
174577 
174578 
174579 
174580 
174581 
174582 
174583 
174584 
174585 
174586 
174587 
174588 
174589 
174590 
174591 
174592 
174593 
174594 
174595 
174596 
174597 
174598 
174599 
174600 
174601 
174602 
174603 
174604 
174605 
174606 
174607 
174608 
174609 
174610 
174611 
174612 
174613 
174614 
174615 
174616 
174617 
174618 
174619 
174620 
174621 
174622 
174623 
174624 
174625 
174626 
174627 
174628 
174629 
174630 
27206 
27207 
27208 
27209 
5793 
5794 
5795 
5796 
64177 
64178 
64179 
64180 
64181 
64182 
64183 
64184 
64185 
64186 
64187 
64188 
64189 
64190 
64191 
64192 
64193 
64194 
64195 
64196 
64197 
64198 
64199 
64200 
64201 
64202 
64203 
64204 
64205 
)

// ************************************************************************* //
