/*--------------------------------*- C++ -*----------------------------------*\
  =========                 |
  \\      /  F ield         | OpenFOAM: The Open Source CFD Toolbox
   \\    /   O peration     | Website:  https://openfoam.org
    \\  /    A nd           | Version:  7
     \\/     M anipulation  |
\*---------------------------------------------------------------------------*/
FoamFile
{
    version     2.0;
    format      ascii;
    class       cellSet;
    location    "constant/polyMesh/sets";
    object      intrusion;
}
// * * * * * * * * * * * * * * * * * * * * * * * * * * * * * * * * * * * * * //


6497
(
24576 
24577 
24578 
24579 
24580 
24581 
24582 
24583 
24584 
24585 
24586 
24587 
24588 
24589 
24590 
24591 
24592 
24593 
24594 
24595 
24596 
24597 
24598 
24599 
24600 
24601 
24602 
24603 
24604 
24605 
24606 
24607 
24608 
24609 
24610 
24611 
24612 
24613 
24614 
24615 
24616 
24617 
24618 
24619 
24620 
24621 
24622 
24623 
24624 
24625 
24626 
24627 
24628 
24629 
24630 
24631 
24632 
24633 
24634 
24635 
24636 
24637 
24638 
24639 
24640 
24641 
24642 
24643 
24644 
24645 
24646 
24647 
24648 
24649 
24650 
24651 
24652 
24653 
24654 
24655 
24656 
24657 
24658 
24659 
24660 
24661 
24662 
24663 
24664 
24665 
24666 
24667 
24668 
24669 
24670 
24671 
24672 
24673 
24674 
24675 
24676 
24677 
24678 
24679 
24680 
24681 
24682 
24683 
24684 
24685 
24686 
24687 
24688 
24689 
24690 
24691 
24692 
24693 
24694 
24695 
24696 
24697 
24698 
24699 
24700 
24701 
24702 
24703 
24704 
24705 
24706 
24707 
24708 
24709 
24710 
24711 
24712 
24713 
24714 
24715 
24716 
24717 
24718 
24719 
24720 
24721 
24722 
24723 
24724 
24725 
24726 
24727 
24728 
24729 
24730 
24731 
24732 
24733 
24734 
24735 
24736 
24737 
24738 
24739 
24740 
24741 
24742 
24743 
24744 
24745 
24746 
24747 
24748 
24749 
24750 
24751 
24752 
24753 
24754 
24755 
24756 
24757 
24758 
24759 
24760 
24761 
24762 
24763 
24764 
24765 
24766 
24767 
24768 
24769 
24770 
24771 
24772 
24773 
24774 
24775 
24776 
24777 
24778 
24779 
24780 
24781 
24782 
24783 
24784 
24785 
24786 
24787 
24788 
24789 
24790 
24791 
24792 
24793 
24794 
24795 
24796 
24797 
24798 
24799 
24800 
24801 
24802 
24803 
24804 
24805 
24806 
24807 
24808 
24809 
24810 
24811 
24812 
24813 
24814 
24815 
24816 
24817 
24818 
24819 
24820 
24821 
24822 
24823 
24824 
24825 
24826 
24827 
24828 
24829 
24830 
24831 
24832 
24833 
24834 
24835 
24836 
24837 
24838 
24839 
24840 
24841 
24842 
24843 
24844 
24845 
24846 
24847 
24848 
24849 
24850 
24851 
24852 
24853 
24854 
24855 
24856 
24857 
24858 
24859 
24860 
24861 
24862 
24863 
24864 
24865 
24866 
24867 
24868 
24869 
24870 
24871 
24872 
24873 
24874 
24875 
24876 
24877 
24878 
24879 
24880 
24881 
24882 
24883 
24884 
24885 
24886 
24887 
24888 
24889 
24890 
24891 
24892 
24893 
24894 
24895 
24896 
24897 
24898 
24899 
24900 
24901 
24902 
24903 
24904 
24905 
24906 
24907 
24908 
24909 
24910 
24911 
24912 
24913 
24914 
24915 
24916 
24917 
24918 
24919 
24920 
24921 
24922 
24923 
24924 
24925 
24926 
24927 
24928 
24929 
24930 
24931 
24932 
24933 
24934 
24935 
24936 
24937 
24938 
24939 
24940 
24941 
24942 
24943 
24944 
24945 
24946 
24947 
24948 
24949 
24950 
24951 
24952 
24953 
24954 
24955 
24956 
24957 
24958 
24959 
24960 
24961 
24962 
24963 
24964 
24965 
24966 
24967 
24968 
24969 
24970 
24971 
24972 
24973 
24974 
24975 
24976 
24977 
24978 
24979 
24980 
24981 
24982 
24983 
24984 
24985 
24986 
24987 
24988 
24989 
24990 
24991 
24992 
24993 
24994 
24995 
24996 
24997 
24998 
24999 
25000 
25001 
25002 
25003 
25004 
25005 
25006 
25007 
25008 
25009 
25010 
25011 
25012 
25013 
25014 
25015 
25016 
25017 
25018 
25019 
25020 
25021 
25022 
25023 
25024 
25025 
25026 
25027 
25028 
25029 
25030 
25031 
25032 
25033 
25034 
25035 
25036 
25037 
25038 
25039 
25040 
25041 
25042 
25043 
25044 
25045 
25046 
25047 
25048 
25049 
25050 
25051 
25052 
25053 
25054 
25055 
25056 
25057 
25058 
25059 
25060 
25061 
25062 
25063 
25064 
25065 
25066 
25067 
25068 
25069 
25070 
25071 
25072 
25073 
25074 
25075 
25076 
25077 
25078 
25079 
25080 
25081 
25082 
25083 
25084 
25085 
25086 
25087 
25088 
25089 
25090 
25091 
25092 
25093 
25094 
25095 
25096 
25097 
25098 
25099 
25100 
25101 
25102 
25103 
25104 
25105 
25106 
25107 
25108 
25109 
25110 
25111 
25112 
25113 
25114 
25115 
25116 
25117 
25118 
25119 
25120 
25121 
25122 
25123 
25124 
25125 
25126 
25127 
25128 
25129 
25130 
25131 
25132 
25133 
25134 
25135 
25136 
25137 
25138 
25139 
25140 
25141 
25142 
25143 
25144 
25145 
25146 
25147 
25148 
25149 
25150 
25151 
25152 
25153 
25154 
25155 
25156 
25157 
25158 
25159 
25160 
25161 
25162 
25163 
25164 
25165 
25166 
25167 
25168 
25169 
25170 
25171 
25172 
25173 
25174 
25175 
25176 
25177 
25178 
25179 
25180 
25181 
25182 
25183 
25184 
25185 
25186 
25187 
25188 
25189 
25190 
25191 
25192 
25193 
25194 
25195 
25196 
25197 
25198 
25199 
25200 
25201 
25202 
25203 
25204 
25205 
25206 
25207 
25208 
25209 
25210 
25211 
25212 
25213 
25214 
25215 
25216 
25217 
25218 
25219 
25220 
25221 
25222 
25223 
25224 
25225 
25226 
25227 
25228 
25229 
25230 
25231 
25232 
25233 
25234 
25235 
25236 
25237 
25238 
25239 
25240 
25241 
25242 
25243 
25244 
25245 
25246 
25247 
25248 
25249 
25250 
25251 
25252 
25253 
25254 
25255 
25256 
25257 
25258 
25259 
25260 
25261 
25262 
25263 
25264 
25265 
25266 
25267 
25268 
25269 
25270 
25271 
25272 
25273 
25274 
25275 
25276 
25277 
25278 
25279 
25280 
25281 
25282 
25283 
25284 
25285 
25286 
25287 
25288 
25289 
25290 
25291 
25292 
25293 
25294 
25295 
25296 
25297 
25298 
25299 
25300 
25301 
25302 
25303 
25304 
25305 
25306 
25307 
25308 
25309 
25310 
25311 
25312 
25313 
25314 
25315 
25316 
25317 
25318 
25319 
25320 
25321 
25322 
25323 
25324 
25325 
25326 
25327 
25328 
25329 
25330 
25331 
25332 
25333 
25334 
25335 
25336 
25337 
25338 
25339 
25340 
25341 
25342 
25343 
25344 
25345 
25346 
25347 
25348 
25349 
25350 
25351 
25352 
25353 
25354 
25355 
25356 
25357 
25358 
25359 
25360 
25361 
25362 
25363 
25364 
25365 
25366 
25367 
25368 
25369 
25370 
25371 
25372 
25373 
25374 
25375 
25376 
25377 
25378 
25379 
25380 
25381 
25382 
25383 
25384 
25385 
25386 
25387 
25388 
25389 
25390 
25391 
25392 
25393 
25394 
25395 
25396 
25397 
25398 
25399 
25400 
25401 
25402 
25403 
25404 
25405 
25406 
25407 
25408 
25409 
25410 
25411 
25412 
25413 
25414 
25415 
25416 
25417 
25418 
25419 
25420 
25421 
25422 
25423 
25424 
25425 
25426 
25427 
25428 
25429 
25430 
25431 
25432 
25433 
25434 
25435 
25436 
25437 
25438 
25439 
25440 
25441 
25442 
25443 
25444 
25445 
25446 
25447 
25448 
25449 
25450 
25451 
25452 
25453 
25454 
25455 
25456 
25457 
25458 
25459 
25460 
25461 
25462 
25463 
25464 
25465 
25466 
25467 
25468 
25469 
25470 
25471 
25472 
25473 
25474 
25475 
25476 
25477 
25478 
25479 
25480 
25481 
25482 
25483 
25484 
25485 
25486 
25487 
25488 
25489 
25490 
25491 
25492 
25493 
25494 
25495 
25496 
25497 
25498 
25499 
25500 
25501 
25502 
25503 
25504 
25505 
25506 
25507 
25508 
25509 
25510 
25511 
25512 
25513 
25514 
25515 
25516 
25517 
25518 
25519 
25520 
25521 
25522 
25523 
25524 
25525 
25526 
25527 
25528 
25529 
25530 
25531 
25532 
25533 
25534 
25535 
25536 
25537 
25538 
25539 
25540 
25541 
25542 
25543 
25544 
25545 
25546 
25547 
25548 
25549 
25550 
25551 
25552 
25553 
25554 
25555 
25556 
25557 
25558 
25559 
25560 
25561 
25562 
25563 
25564 
25565 
25566 
25567 
25568 
25569 
25570 
25571 
25572 
25573 
25574 
25575 
25576 
25577 
25578 
25579 
25580 
25581 
25582 
25583 
25584 
25585 
25586 
25587 
25588 
25589 
25590 
25591 
25592 
25593 
25594 
25595 
25596 
25597 
25598 
25599 
25600 
25601 
25602 
25603 
25604 
25605 
25606 
25607 
25608 
25609 
25610 
25611 
25612 
25613 
25614 
25615 
25616 
25617 
25618 
25619 
25620 
25621 
25622 
25623 
25624 
25625 
25626 
25627 
25628 
25629 
25630 
25631 
25632 
25633 
25634 
25635 
25636 
25637 
25638 
25639 
25640 
25641 
25642 
25643 
25644 
25645 
25646 
25647 
25648 
25649 
25650 
25651 
25652 
25653 
25654 
25655 
25656 
25657 
25658 
25659 
25660 
25661 
25662 
25663 
25664 
25665 
25666 
25667 
25668 
25669 
25670 
25671 
25672 
25673 
25674 
25675 
25676 
25677 
25678 
25679 
25680 
25681 
25682 
25683 
25684 
25685 
25686 
25687 
25688 
25689 
25690 
25691 
25692 
25693 
25694 
25695 
25696 
25697 
25698 
25699 
25700 
25701 
25702 
25703 
25704 
25705 
25706 
25707 
25708 
25709 
25710 
25711 
25712 
25713 
25714 
25715 
25716 
25717 
25718 
25719 
25720 
25721 
25722 
25723 
25724 
25725 
25726 
25727 
25728 
25729 
25730 
25731 
25732 
25733 
25734 
25735 
25736 
25737 
25738 
25739 
25740 
25741 
25742 
25743 
25744 
25745 
25746 
25747 
25748 
25749 
25750 
25751 
25752 
25753 
25754 
25755 
25756 
25757 
25758 
25759 
25760 
25761 
25762 
25763 
25764 
25765 
25766 
25767 
25768 
25769 
25770 
25771 
25772 
25773 
25774 
25775 
25776 
25777 
25778 
25779 
25780 
25781 
25782 
25783 
25784 
25785 
25786 
25787 
25788 
25789 
25790 
25791 
25792 
25793 
25794 
25795 
25796 
25797 
25798 
25799 
25800 
25801 
25802 
25803 
25804 
25805 
25806 
25807 
25808 
25809 
25810 
25811 
25812 
25813 
25814 
25815 
25816 
25817 
25818 
25819 
25820 
25821 
25822 
25823 
25824 
25825 
25826 
25827 
25828 
25829 
25830 
25831 
25832 
25833 
25834 
25835 
25836 
25837 
25838 
25839 
25840 
25841 
25842 
25843 
25844 
25845 
25846 
25847 
25848 
25849 
25850 
25851 
25852 
25853 
25854 
25855 
25856 
25857 
25858 
25859 
25860 
25861 
25862 
25863 
25864 
25865 
25866 
25867 
25868 
25869 
25870 
25871 
25872 
25873 
25874 
25875 
25876 
25877 
25878 
25879 
25880 
25881 
25882 
25883 
25884 
25885 
25886 
25887 
25888 
25889 
25890 
25891 
25892 
25893 
25894 
25895 
25896 
25897 
25898 
25899 
25900 
25901 
25902 
25903 
25904 
25905 
25906 
25907 
25908 
25909 
25910 
25911 
25912 
25913 
25914 
25915 
25916 
25917 
25918 
25919 
25920 
25921 
25922 
25923 
25924 
25925 
25926 
25927 
25928 
25929 
25930 
25931 
25932 
25933 
25934 
25935 
25936 
25937 
25938 
25939 
25940 
25941 
25942 
25943 
25944 
25945 
25946 
25947 
25948 
25949 
25950 
25951 
25952 
25953 
25954 
25955 
25956 
25957 
25958 
25959 
25960 
25961 
25962 
25963 
25964 
25965 
25966 
25967 
25968 
25969 
25970 
25971 
25972 
25973 
25974 
25975 
25976 
25977 
25978 
25979 
25980 
25981 
25982 
25983 
25984 
25985 
25986 
25987 
25988 
25989 
25990 
25991 
25992 
25993 
25994 
25995 
25996 
25997 
25998 
25999 
26000 
26001 
26002 
26003 
26004 
26005 
26006 
26007 
26008 
26009 
26010 
26011 
26012 
26013 
26014 
26015 
26016 
26017 
26018 
26019 
26020 
26021 
26022 
26023 
26024 
26025 
26026 
26027 
26028 
26029 
26030 
26031 
26032 
26033 
26034 
26035 
26036 
26037 
26038 
26039 
26040 
26041 
26042 
26043 
26044 
26045 
26046 
26047 
26048 
26049 
26050 
26051 
26052 
26053 
26054 
26055 
26056 
26057 
26058 
26059 
26060 
26061 
26062 
26063 
26064 
26065 
26066 
26067 
26068 
26069 
26070 
26071 
26072 
26073 
26074 
26075 
26076 
26077 
26078 
26079 
26080 
26081 
26082 
26083 
26084 
26085 
26086 
26087 
26088 
26089 
26090 
26091 
26092 
26093 
26094 
26095 
26096 
26097 
26098 
26099 
26100 
26101 
26102 
26103 
26104 
26105 
26106 
26107 
26108 
26109 
26110 
26111 
26112 
26113 
26114 
26115 
26116 
26117 
26118 
26119 
26120 
26121 
26122 
26123 
26124 
26125 
26126 
26127 
26128 
26129 
26130 
26131 
26132 
26133 
26134 
26135 
26136 
26137 
26138 
26139 
26140 
26141 
26142 
26143 
26144 
26145 
26146 
26147 
26148 
26149 
26150 
26151 
26152 
26153 
26154 
26155 
26156 
26157 
26158 
26159 
26160 
26161 
26162 
26163 
26164 
26165 
26166 
26167 
26168 
26169 
26170 
26171 
26172 
26173 
26174 
26175 
26176 
26177 
26178 
26179 
26180 
26181 
26182 
26183 
26184 
26185 
26186 
26187 
26188 
26189 
26190 
26191 
26192 
26193 
26194 
26195 
26196 
26197 
26198 
26199 
26200 
26201 
26202 
26203 
26204 
26205 
26206 
26207 
26208 
26209 
26210 
26211 
26212 
26213 
26214 
26215 
26216 
26217 
26218 
26219 
26220 
26221 
26222 
26223 
26224 
26225 
26226 
26227 
26228 
26229 
26230 
26231 
26232 
26233 
26234 
26235 
26236 
26237 
26238 
26239 
26240 
26241 
26242 
26243 
26244 
26245 
26246 
26247 
26248 
26249 
26250 
26251 
26252 
26253 
26254 
26255 
26256 
26257 
26258 
26259 
26260 
26261 
26262 
26263 
26264 
26265 
26266 
26267 
26268 
26269 
26270 
26271 
26272 
26273 
26274 
26275 
26276 
26277 
26278 
26279 
26280 
26281 
26282 
26283 
26284 
26285 
26286 
26287 
26288 
26289 
26290 
26291 
26292 
26293 
3933 
3934 
3935 
3936 
3937 
3938 
3939 
3940 
3941 
3942 
3943 
3944 
3945 
3946 
3947 
3948 
3949 
3950 
3951 
3952 
3953 
3954 
3955 
3956 
3957 
3958 
3959 
3960 
3961 
3962 
3963 
3964 
3965 
3966 
3967 
3968 
3969 
3970 
3971 
3972 
3973 
3974 
3975 
3976 
3977 
3978 
3979 
3980 
3981 
3982 
3983 
3984 
3985 
3986 
3987 
3988 
3989 
3990 
3991 
3992 
3993 
3994 
3995 
3996 
3997 
3998 
3999 
4000 
4001 
4002 
4003 
4004 
4005 
4006 
4007 
4008 
4009 
4010 
4011 
4012 
4013 
4014 
4015 
4016 
4017 
4018 
4019 
4020 
4021 
4022 
4023 
4024 
4025 
4026 
4027 
4028 
4029 
4030 
4031 
4032 
4033 
4034 
4035 
4036 
4037 
4038 
4039 
4040 
4041 
4042 
4043 
4044 
4045 
4046 
4047 
4048 
4049 
4050 
4051 
4052 
4053 
4054 
4055 
4056 
4057 
4058 
4059 
4060 
4061 
4062 
4063 
4064 
4065 
4066 
4067 
4068 
4069 
4070 
4071 
4072 
4073 
4074 
4075 
4076 
4077 
4078 
4079 
4080 
4081 
4082 
4083 
4084 
4085 
4086 
4087 
4088 
4089 
4090 
4091 
4092 
4093 
4094 
4095 
4096 
4097 
4098 
4099 
4100 
4101 
4102 
4103 
4104 
4105 
4106 
4107 
4108 
4109 
4110 
4111 
4112 
4113 
4114 
4115 
4116 
4117 
4118 
4119 
4120 
4121 
4122 
4123 
4124 
4125 
4126 
4127 
4128 
4129 
4130 
4131 
4132 
4133 
4134 
4135 
4136 
4137 
4138 
4139 
4140 
4141 
4142 
4143 
4144 
4145 
4146 
4147 
4148 
4149 
4150 
4151 
4152 
4153 
4154 
4155 
4156 
4157 
4158 
4159 
4160 
4161 
4162 
4163 
4164 
4165 
4166 
4167 
4168 
4169 
4170 
4171 
4172 
4173 
4174 
4175 
4176 
4177 
4178 
4179 
4180 
4181 
4182 
4183 
4184 
4185 
4186 
4187 
4188 
4189 
4190 
4191 
4192 
4193 
4194 
4195 
4196 
4197 
4198 
4199 
4200 
4201 
4202 
4203 
4204 
4205 
4206 
4207 
4208 
4209 
4210 
4211 
4212 
4213 
4214 
4215 
4216 
4217 
4218 
4219 
4220 
4221 
4222 
4223 
4224 
4225 
4226 
4227 
4228 
4229 
4230 
4231 
4232 
4233 
4234 
4235 
4236 
4237 
4238 
4239 
4240 
4241 
4242 
4243 
4244 
4245 
4246 
4247 
4248 
4249 
4250 
4251 
4252 
4253 
4254 
4255 
4256 
4257 
4258 
4259 
4260 
4261 
4262 
4263 
4264 
4265 
4266 
4267 
4268 
4269 
4270 
4271 
4272 
4273 
4274 
4275 
4276 
4277 
4278 
4279 
4280 
4281 
4282 
4283 
4284 
4285 
4286 
4287 
4288 
4289 
4290 
4291 
4292 
4293 
4294 
4295 
4296 
4297 
4298 
4299 
4300 
4301 
4302 
4303 
4304 
4305 
4306 
4307 
4308 
4309 
4310 
4311 
4312 
4313 
4314 
4315 
4316 
4317 
4318 
4319 
4320 
4321 
4322 
4323 
4324 
4325 
4326 
4327 
4328 
4329 
4330 
4331 
4332 
4333 
4334 
4335 
4336 
4337 
4338 
4339 
4340 
4341 
4342 
4343 
4344 
4345 
4346 
4347 
4348 
4349 
4350 
4351 
4352 
4353 
4354 
4355 
4356 
4357 
4358 
4359 
4360 
4361 
4362 
4363 
4364 
4365 
4366 
4367 
4368 
4369 
4370 
4371 
4372 
4373 
4374 
4375 
4376 
4377 
4378 
4379 
4380 
4381 
4382 
4383 
4384 
4385 
4386 
4387 
4388 
4389 
4390 
4391 
4392 
4393 
4394 
4395 
4396 
4397 
4398 
4399 
4400 
4401 
4402 
4403 
4404 
4405 
4406 
4407 
4408 
4409 
4410 
4411 
4412 
4413 
4414 
4415 
4416 
4417 
4418 
4419 
4420 
4421 
4422 
4423 
4424 
4425 
4426 
4427 
4428 
4429 
4430 
4431 
4432 
4433 
4434 
4435 
4436 
4437 
4438 
4439 
4440 
4441 
4442 
4443 
4444 
4445 
4446 
4447 
4448 
4449 
4450 
4451 
4452 
4453 
4454 
4455 
4456 
4457 
4458 
4459 
4460 
4461 
4462 
4463 
4464 
4465 
4466 
4467 
4468 
4469 
4470 
4471 
4472 
4473 
4474 
4475 
4476 
4477 
4478 
4479 
4480 
4481 
4482 
4483 
4484 
4485 
4486 
4487 
4488 
4489 
4490 
4491 
4492 
4493 
4494 
4495 
4496 
4497 
4498 
4499 
4500 
4501 
4502 
4503 
4504 
4505 
4506 
4507 
4508 
4509 
4510 
4511 
4512 
4513 
4514 
4515 
4516 
4517 
4518 
4519 
4520 
4521 
4522 
4523 
4524 
4525 
4526 
4527 
4528 
4529 
4530 
4531 
4532 
4533 
4534 
4535 
4536 
4537 
4538 
4539 
4540 
4541 
4542 
4543 
4544 
4545 
4546 
4547 
4548 
4549 
4550 
4551 
4552 
4553 
4554 
4555 
4556 
4557 
4558 
4559 
4560 
4561 
4562 
4563 
4564 
4565 
4566 
4567 
4568 
4569 
4570 
4571 
4572 
4573 
4574 
4575 
4576 
4577 
4578 
4579 
4580 
4581 
4582 
4583 
4584 
4585 
4586 
4587 
4588 
4589 
4590 
4591 
4592 
4593 
4594 
4595 
4596 
4597 
4598 
4599 
4600 
4601 
4602 
4603 
4604 
4605 
4606 
4607 
4608 
4609 
4610 
4611 
4612 
4613 
4614 
4615 
4616 
4617 
4618 
4619 
4620 
4621 
4622 
4623 
4624 
4625 
4626 
4627 
4628 
4629 
4630 
4631 
4632 
4633 
4634 
4635 
4636 
4637 
4638 
4639 
4640 
4641 
4642 
4643 
4644 
4645 
4646 
4647 
4648 
4649 
4650 
4651 
4652 
4653 
4654 
4655 
4656 
4657 
4658 
4659 
4660 
4661 
4662 
4663 
4664 
4665 
4666 
4667 
4668 
4669 
4670 
4671 
4672 
4673 
4674 
4675 
4676 
4677 
4678 
4679 
4680 
4681 
4682 
4683 
4684 
4685 
4686 
4687 
4688 
4689 
4690 
4691 
4692 
4693 
4694 
4695 
4696 
4697 
4698 
4699 
4700 
4701 
4702 
4703 
4704 
4705 
4706 
4707 
4708 
4709 
4710 
4711 
4712 
4713 
4714 
4715 
4716 
4717 
4718 
4719 
4720 
4721 
4722 
4723 
4724 
4725 
4726 
4727 
4728 
4729 
4730 
4731 
4732 
4733 
4734 
4735 
4736 
4737 
4738 
4739 
4740 
4741 
4742 
4743 
4744 
4745 
4746 
4747 
4748 
4749 
4750 
4751 
4752 
4753 
4754 
4755 
4756 
4757 
4758 
4759 
4760 
4761 
4762 
4763 
4764 
4765 
4766 
4767 
4768 
4769 
4770 
4771 
4772 
4773 
4774 
4775 
4776 
4777 
4778 
4779 
4780 
4781 
4782 
4783 
4784 
4785 
4786 
4787 
4788 
4789 
4790 
4791 
4792 
4793 
4794 
4795 
4796 
4797 
4798 
4799 
4800 
4801 
4802 
4803 
4804 
4805 
4806 
4807 
4808 
4809 
4810 
4811 
4812 
4813 
4814 
4815 
4816 
4817 
4818 
4819 
4820 
4821 
4822 
4823 
4824 
4825 
4826 
4827 
4828 
4829 
4830 
4831 
4832 
4833 
4834 
4835 
4836 
4837 
4838 
4839 
4840 
4841 
4842 
4843 
4844 
4845 
4846 
4847 
4848 
4849 
4850 
4851 
4852 
4853 
4854 
4855 
4856 
4857 
4858 
4859 
4860 
4861 
4862 
4863 
4864 
4865 
4866 
4867 
4868 
4869 
4870 
4871 
4872 
4873 
4874 
4875 
4876 
4877 
4878 
4879 
4880 
4881 
4882 
4883 
4884 
4885 
4886 
4887 
4888 
4889 
4890 
4891 
4892 
4893 
4894 
4895 
4896 
4897 
4898 
4899 
4900 
4901 
4902 
4903 
4904 
4905 
4906 
4907 
4908 
4909 
4910 
4911 
4912 
4913 
4914 
4915 
4916 
4917 
4918 
4919 
4920 
4921 
4922 
4923 
4924 
4925 
4926 
4927 
4928 
4929 
4930 
4931 
4932 
4933 
4934 
4935 
4936 
4937 
4938 
4939 
4940 
4941 
4942 
4943 
4944 
4945 
4946 
4947 
4948 
4949 
4950 
4951 
4952 
4953 
4954 
4955 
4956 
4957 
4958 
4959 
4960 
4961 
4962 
4963 
4964 
4965 
4966 
4967 
4968 
4969 
4970 
4971 
4972 
4973 
4974 
4975 
4976 
4977 
4978 
4979 
4980 
4981 
4982 
4983 
4984 
4985 
4986 
4987 
4988 
4989 
4990 
4991 
4992 
4993 
4994 
4995 
4996 
4997 
4998 
4999 
5000 
5001 
5002 
5003 
5004 
5005 
5006 
5007 
5008 
5009 
5010 
5011 
5012 
5013 
5014 
5015 
5016 
5017 
5018 
5019 
5020 
5021 
5022 
5023 
5024 
5025 
5026 
5027 
5028 
5029 
5030 
5031 
5032 
5033 
5034 
5035 
5036 
5037 
5038 
5039 
5040 
5041 
5042 
5043 
5044 
5045 
5046 
5047 
5048 
5049 
5050 
5051 
5052 
5053 
5054 
5055 
5056 
5057 
5058 
5059 
5060 
5061 
5062 
5063 
5064 
5065 
5066 
5067 
5068 
5069 
5070 
5071 
5072 
5073 
5074 
5075 
5076 
5077 
5078 
5079 
5080 
5081 
5082 
5083 
5084 
5085 
5086 
5087 
5088 
5089 
5090 
5091 
5092 
5093 
5094 
5095 
5096 
5097 
5098 
5099 
5100 
5101 
5102 
5103 
5104 
5105 
5106 
5107 
5108 
5109 
5110 
5111 
5112 
5113 
5114 
5115 
5116 
5117 
5118 
5119 
5120 
5121 
5122 
5123 
5124 
5125 
5126 
5127 
5128 
5129 
5130 
5131 
5132 
5133 
5134 
5135 
5136 
5137 
5138 
5139 
5140 
5141 
5142 
5143 
5144 
5145 
5146 
5147 
5148 
5149 
5150 
5151 
5152 
5153 
5154 
5155 
5156 
5157 
5158 
5159 
5160 
5161 
5162 
5163 
5164 
5165 
5166 
5167 
5168 
5169 
5170 
5171 
5172 
5173 
5174 
5175 
5176 
5177 
5178 
5179 
5180 
5181 
5182 
5183 
5184 
5185 
5186 
5187 
5188 
5189 
5190 
5191 
5192 
5193 
5194 
5195 
5196 
5197 
5198 
5199 
5200 
5201 
5202 
5203 
5204 
5205 
5206 
5207 
5208 
5209 
5210 
5211 
5212 
5213 
5214 
5215 
5216 
5217 
5218 
5219 
5220 
5221 
5222 
5223 
5224 
5225 
5226 
5227 
5228 
5229 
5230 
5231 
5232 
5233 
5234 
5235 
5236 
5237 
5238 
5239 
5240 
5241 
5242 
5243 
5244 
5245 
5246 
5247 
5248 
5249 
5250 
5251 
5252 
5253 
5254 
5255 
5256 
5257 
5258 
5259 
5260 
5261 
5262 
5263 
5264 
5265 
5266 
5267 
5268 
5269 
5270 
5271 
5272 
5273 
5274 
5275 
5276 
5277 
5278 
5279 
5280 
5281 
5282 
5283 
5284 
5285 
5286 
5287 
5288 
5289 
5290 
5291 
5292 
5293 
5294 
5295 
5296 
5297 
5298 
5299 
5300 
5301 
5302 
5303 
5304 
5305 
5306 
5307 
5308 
5309 
5310 
5311 
5312 
5313 
5314 
5315 
5316 
5317 
5318 
5319 
5320 
5321 
5322 
5323 
5324 
5325 
5326 
5327 
5328 
5329 
5330 
5331 
5332 
5333 
5334 
5335 
5336 
5337 
5338 
5339 
5340 
5341 
5342 
5343 
5344 
5345 
5346 
5347 
5348 
5349 
5350 
5351 
5352 
5353 
5354 
5355 
5356 
5357 
5358 
5359 
5360 
5361 
5362 
5363 
5364 
5365 
5366 
5367 
5368 
5369 
5370 
5371 
5372 
5373 
5374 
5375 
5376 
5377 
5378 
5379 
5380 
5381 
5382 
5383 
5384 
5385 
5386 
5387 
5388 
5389 
5390 
5391 
5392 
5393 
5394 
5395 
5396 
5397 
5398 
5399 
5400 
5401 
5402 
5403 
5404 
5405 
5406 
5407 
5408 
5409 
5410 
5411 
5412 
5413 
5414 
5415 
5416 
5417 
5418 
5419 
5420 
5421 
5422 
5423 
5424 
5425 
5426 
5427 
5428 
5429 
5430 
5431 
5432 
5433 
5434 
5435 
5436 
5437 
5438 
5439 
5440 
5441 
5442 
5443 
5444 
5445 
5446 
5447 
5448 
5449 
5450 
5451 
5452 
5453 
5454 
5455 
5456 
5457 
5458 
5459 
5460 
5461 
5462 
5463 
5464 
5465 
5466 
5467 
5468 
5469 
5470 
5471 
5472 
5473 
5474 
5475 
5476 
5477 
5478 
5479 
5480 
5481 
5482 
5483 
5484 
5485 
5486 
5487 
5488 
5489 
5490 
5491 
5492 
5493 
5494 
5495 
5496 
5497 
5498 
5499 
5500 
5501 
5502 
5503 
5504 
5505 
5506 
5507 
5508 
5509 
5510 
5511 
5512 
5513 
5514 
5515 
5516 
5517 
5518 
5519 
5520 
5521 
5522 
5523 
5524 
5525 
5526 
5527 
5528 
5529 
5530 
5531 
5532 
5533 
5534 
5535 
5536 
5537 
5538 
5539 
5540 
5541 
5542 
5543 
5544 
5545 
5546 
5547 
5548 
5549 
5550 
5551 
5552 
5553 
5554 
5555 
5556 
5557 
5558 
5559 
5560 
5561 
5562 
5563 
5564 
5565 
5566 
5567 
5568 
5569 
5570 
5571 
5572 
5573 
5574 
5575 
5576 
5577 
5578 
5579 
5580 
5581 
5582 
5583 
5584 
5585 
5586 
5587 
5588 
5589 
5590 
5591 
5592 
5593 
5594 
5595 
5596 
5597 
5598 
5599 
5600 
5601 
5602 
5603 
5604 
5605 
5606 
5607 
5608 
5609 
5610 
5611 
5612 
5613 
5614 
5615 
5616 
5617 
5618 
5619 
5620 
5621 
5622 
5623 
5624 
5625 
5626 
5627 
5628 
5629 
5630 
5631 
5632 
5633 
5634 
5635 
5636 
5637 
5638 
5639 
5640 
5641 
5642 
5643 
5644 
5645 
5646 
5647 
5648 
5649 
5650 
5651 
5652 
5653 
5654 
5655 
5656 
5657 
5658 
5659 
5660 
5661 
5662 
5663 
5664 
5665 
5666 
5667 
5668 
5669 
5670 
5671 
5672 
5673 
5674 
5675 
5676 
5677 
5678 
5679 
5680 
5681 
5682 
5683 
5684 
5685 
5686 
5687 
5688 
5689 
5690 
5691 
5692 
5693 
5694 
5695 
5696 
5697 
5698 
5699 
5700 
5701 
5702 
5703 
5704 
5705 
5706 
5707 
5708 
5709 
5710 
5711 
5712 
5713 
5714 
5715 
5716 
5717 
5718 
5719 
5720 
5721 
5722 
5723 
5724 
5725 
5726 
5727 
5728 
5729 
5730 
5731 
5732 
5733 
5734 
5735 
5736 
5737 
5738 
5739 
5740 
5741 
5742 
5743 
5744 
5745 
5746 
5747 
5748 
5749 
5750 
5751 
5752 
5753 
5754 
5755 
5756 
5757 
5758 
5759 
5760 
5761 
5762 
5763 
5764 
5765 
5766 
5767 
5768 
5769 
5770 
5771 
5772 
5773 
5774 
5775 
5776 
5777 
5778 
5779 
5780 
5781 
5782 
5783 
5784 
5785 
5786 
5787 
5788 
5789 
5790 
5791 
5792 
5793 
5794 
5795 
5796 
5797 
5798 
5799 
5800 
5801 
5802 
5803 
5804 
5805 
5806 
5807 
5808 
5809 
5810 
5811 
5812 
5813 
5814 
5815 
5816 
5817 
5818 
5819 
5820 
5821 
5822 
5823 
5824 
5825 
5826 
5827 
5828 
5829 
5830 
5831 
5832 
5833 
5834 
5835 
5836 
5837 
5838 
5839 
5840 
5841 
5842 
5843 
5844 
5845 
5846 
5847 
5848 
5849 
5850 
5851 
5852 
5853 
5854 
5855 
5856 
5857 
5858 
5859 
5860 
5861 
5862 
5863 
5864 
5865 
5866 
5867 
5868 
5869 
5870 
5871 
5872 
5873 
5874 
5875 
5876 
5877 
5878 
5879 
5880 
5881 
5882 
5883 
5884 
5885 
5886 
5887 
5888 
5889 
5890 
5891 
5892 
5893 
5894 
5895 
5896 
5897 
5898 
5899 
5900 
5901 
5902 
5903 
5904 
5905 
5906 
5907 
5908 
5909 
5910 
5911 
5912 
5913 
5914 
5915 
5916 
5917 
5918 
5919 
5920 
5921 
5922 
5923 
5924 
5925 
5926 
5927 
5928 
5929 
5930 
5931 
5932 
5933 
5934 
5935 
5936 
5937 
5938 
5939 
5940 
5941 
5942 
5943 
5944 
5945 
5946 
5947 
5948 
5949 
5950 
5951 
5952 
5953 
5954 
5955 
5956 
5957 
5958 
5959 
5960 
5961 
5962 
5963 
5964 
5965 
5966 
5967 
5968 
5969 
5970 
5971 
5972 
5973 
5974 
5975 
5976 
5977 
5978 
5979 
5980 
5981 
5982 
5983 
5984 
5985 
5986 
5987 
5988 
5989 
5990 
5991 
5992 
5993 
5994 
5995 
5996 
5997 
5998 
5999 
6000 
6001 
6002 
6003 
6004 
6005 
6006 
6007 
6008 
6009 
6010 
6011 
6012 
6013 
6014 
6015 
6016 
6017 
6018 
6019 
6020 
6021 
6022 
6023 
6024 
6025 
6026 
6027 
6028 
6029 
6030 
6031 
6032 
6033 
6034 
6035 
6036 
6037 
6038 
6039 
6040 
6041 
6042 
6043 
6044 
6045 
6046 
6047 
6048 
6049 
6050 
6051 
6052 
6053 
6054 
6055 
6056 
6057 
6058 
6059 
6060 
6061 
6062 
6063 
6064 
6065 
6066 
6067 
6068 
6069 
6070 
6071 
6072 
6073 
6074 
6075 
6076 
6077 
6078 
6079 
6080 
6081 
6082 
6083 
6084 
6085 
6086 
6087 
6088 
6089 
6090 
6091 
6092 
6093 
6094 
6095 
6096 
6097 
6098 
6099 
6100 
6101 
6102 
6103 
6104 
6105 
6106 
6107 
6108 
6109 
6110 
6111 
6112 
6113 
6114 
6115 
6116 
6117 
6118 
6119 
6120 
6121 
6122 
6123 
6124 
6125 
6126 
6127 
6128 
6129 
6130 
6131 
6132 
6133 
6134 
6135 
6136 
6137 
6138 
6139 
6140 
6141 
6142 
6143 
6144 
6145 
6146 
6147 
6148 
6149 
6150 
6151 
6152 
6153 
6154 
6155 
6156 
6157 
6158 
6159 
6160 
6161 
6162 
6163 
6164 
6165 
6166 
6167 
6168 
6169 
6170 
6171 
6172 
6173 
6174 
6175 
6176 
6177 
6178 
6179 
6180 
6181 
6182 
6183 
6184 
6185 
6186 
6187 
6188 
6189 
6190 
6191 
6192 
6193 
6194 
6195 
6196 
6197 
6198 
6199 
6200 
6201 
6202 
6203 
6204 
6205 
6206 
6207 
6208 
6209 
6210 
6211 
6212 
6213 
6214 
6215 
6216 
6217 
6218 
6219 
6220 
6221 
6222 
6223 
6224 
6225 
6226 
6227 
6228 
6229 
6230 
6231 
6232 
6233 
6234 
6235 
6236 
6237 
6238 
6239 
6240 
6241 
6242 
6243 
6244 
6245 
6246 
6247 
6248 
6249 
6250 
6251 
6252 
6253 
6254 
6255 
6256 
6257 
6258 
6259 
6260 
6261 
6262 
6263 
6264 
6265 
6266 
6267 
6268 
6269 
6270 
6271 
6272 
6273 
6274 
6275 
6276 
6277 
6278 
6279 
6280 
6281 
6282 
6283 
6284 
6285 
6286 
6287 
6288 
6289 
6290 
6291 
6292 
6293 
6294 
6295 
6296 
6297 
6298 
6299 
6300 
6301 
6302 
6303 
6304 
6305 
6306 
6307 
6308 
6309 
6310 
6311 
6312 
6313 
6314 
6315 
6316 
6317 
6318 
6319 
6320 
6321 
6322 
6323 
6324 
6325 
6326 
6327 
6328 
6329 
6330 
6331 
6332 
6333 
6334 
6335 
6336 
6337 
6338 
6339 
6340 
6341 
6342 
6343 
6344 
6345 
6346 
6347 
6348 
6349 
6350 
6351 
6352 
6353 
6354 
6355 
6356 
6357 
6358 
6359 
6360 
6361 
6362 
6363 
6364 
6365 
6366 
6367 
6368 
6369 
6370 
6371 
6372 
6373 
6374 
6375 
6376 
6377 
6378 
6379 
6380 
6381 
6382 
6383 
6384 
6385 
6386 
6387 
6388 
6389 
6390 
6391 
6392 
6393 
6394 
6395 
6396 
6397 
6398 
6399 
6400 
6401 
6402 
6403 
6404 
6405 
6406 
6407 
6408 
6409 
6410 
6411 
6412 
6413 
6414 
6415 
6416 
6417 
6418 
6419 
6420 
6421 
6422 
6423 
6424 
6425 
6426 
6427 
6428 
6429 
6430 
6431 
6432 
6433 
6434 
6435 
6436 
6437 
6438 
6439 
6440 
6441 
6442 
6443 
6444 
6445 
6446 
6447 
6448 
6449 
6450 
6451 
6452 
6453 
6454 
6455 
6456 
6457 
6458 
6459 
6460 
6461 
6462 
6463 
6464 
6465 
6466 
6467 
6468 
6469 
6470 
6471 
6472 
6473 
6474 
6475 
6476 
6477 
6478 
6479 
6480 
6481 
6482 
6483 
6484 
6485 
6486 
6487 
6488 
6489 
6490 
6491 
6492 
6493 
6494 
6495 
6496 
6497 
6498 
6499 
6500 
6501 
6502 
6503 
6504 
6505 
6506 
6507 
6508 
6509 
6510 
6511 
6512 
6513 
6514 
6515 
6516 
6517 
6518 
6519 
6520 
6521 
6522 
6523 
6524 
6525 
6526 
6527 
6528 
6529 
6530 
6531 
6532 
6533 
6534 
6535 
6536 
6537 
6538 
6539 
6540 
6541 
6542 
6543 
6544 
6545 
6546 
6547 
6548 
6549 
6550 
6551 
6552 
6553 
6554 
6555 
6556 
6557 
6558 
6559 
6560 
6561 
6562 
6563 
6564 
6565 
6566 
6567 
6568 
6569 
6570 
6571 
6572 
6573 
6574 
6575 
6576 
6577 
6578 
6579 
6580 
6581 
6582 
6583 
6584 
6585 
6586 
6587 
6588 
6589 
6590 
6591 
6592 
6593 
6594 
6595 
6596 
6597 
6598 
6599 
6600 
6601 
6602 
6603 
6604 
6605 
6606 
6607 
6608 
6609 
6610 
6611 
6612 
6613 
6614 
6615 
6616 
6617 
6618 
6619 
6620 
6621 
6622 
6623 
6624 
6625 
6626 
6627 
6628 
6629 
6630 
6631 
6632 
6633 
6634 
6635 
6636 
6637 
6638 
6639 
6640 
6641 
6642 
6643 
6644 
6645 
6646 
6647 
6648 
6649 
6650 
6651 
6652 
6653 
6654 
6655 
6656 
6657 
6658 
6659 
6660 
6661 
6662 
6663 
6664 
6665 
6666 
6667 
6668 
6669 
6670 
6671 
6672 
6673 
6674 
6675 
6676 
6677 
6678 
6679 
6680 
6681 
6682 
6683 
6684 
6685 
6686 
6687 
6688 
6689 
6690 
6691 
6692 
6693 
6694 
6695 
6696 
6697 
6698 
6699 
6700 
6701 
6702 
6703 
6704 
6705 
6706 
6707 
6708 
6709 
6710 
6711 
6712 
6713 
6714 
6715 
6716 
6717 
6718 
6719 
6720 
6721 
6722 
6723 
6724 
6725 
6726 
6727 
6728 
6729 
6730 
6731 
6732 
6733 
6734 
6735 
6736 
6737 
6738 
6739 
6740 
6741 
6742 
6743 
6744 
6745 
6746 
6747 
6748 
6749 
6750 
6751 
6752 
6753 
6754 
6755 
6756 
6757 
6758 
6759 
6760 
6761 
6762 
6763 
6764 
6765 
6766 
6767 
6768 
6769 
6770 
6771 
6772 
6773 
6774 
6775 
6776 
6777 
6778 
6779 
6780 
6781 
6782 
6783 
6784 
6785 
6786 
6787 
6788 
6789 
6790 
6791 
6792 
6793 
6794 
6795 
6796 
6797 
6798 
6799 
6800 
6801 
6802 
6803 
6804 
6805 
6806 
6807 
6808 
6809 
6810 
6811 
6812 
6813 
6814 
6815 
6816 
6817 
6818 
6819 
6820 
6821 
6822 
6823 
6824 
6825 
6826 
6827 
6828 
6829 
6830 
6831 
6832 
6833 
6834 
6835 
6836 
6837 
6838 
6839 
6840 
6841 
6842 
6843 
6844 
6845 
6846 
6847 
6848 
6849 
6850 
6851 
6852 
6853 
6854 
6855 
6856 
6857 
6858 
6859 
6860 
6861 
6862 
6863 
6864 
6865 
6866 
6867 
6868 
6869 
6870 
6871 
6872 
6873 
6874 
6875 
6876 
6877 
6878 
6879 
6880 
6881 
6882 
6883 
6884 
6885 
6886 
6887 
6888 
6889 
6890 
6891 
6892 
6893 
6894 
6895 
6896 
6897 
6898 
6899 
6900 
6901 
6902 
6903 
6904 
6905 
6906 
6907 
6908 
6909 
6910 
6911 
6912 
6913 
6914 
6915 
6916 
6917 
6918 
6919 
6920 
6921 
6922 
6923 
6924 
6925 
6926 
6927 
6928 
6929 
6930 
6931 
6932 
6933 
6934 
6935 
6936 
6937 
6938 
6939 
6940 
6941 
6942 
6943 
6944 
6945 
6946 
6947 
6948 
6949 
6950 
6951 
6952 
6953 
6954 
6955 
6956 
6957 
6958 
6959 
6960 
6961 
6962 
6963 
6964 
6965 
6966 
6967 
6968 
6969 
6970 
6971 
6972 
6973 
6974 
6975 
6976 
6977 
6978 
6979 
6980 
6981 
6982 
6983 
6984 
6985 
6986 
6987 
6988 
6989 
6990 
6991 
6992 
6993 
6994 
6995 
6996 
6997 
6998 
6999 
7000 
7001 
7002 
7003 
7004 
7005 
7006 
7007 
7008 
7009 
7010 
7011 
7012 
7013 
7014 
7015 
7016 
7017 
7018 
7019 
7020 
7021 
7022 
7023 
7024 
7025 
7026 
7027 
7028 
7029 
7030 
7031 
7032 
7033 
7034 
7035 
7036 
7037 
7038 
7039 
7040 
7041 
7042 
7043 
7044 
7045 
7046 
7047 
7048 
7049 
7050 
7051 
7052 
7053 
7054 
7055 
7056 
7057 
7058 
7059 
7060 
7061 
7062 
7063 
7064 
7065 
7066 
7067 
7068 
7069 
7070 
7071 
7072 
7073 
7074 
7075 
7076 
7077 
7078 
7079 
7080 
7081 
7082 
7083 
7084 
7085 
7086 
7087 
7088 
7089 
7090 
7091 
7092 
7093 
7094 
7095 
7096 
7097 
7098 
7099 
7100 
7101 
7102 
7103 
7104 
7105 
7106 
7107 
7108 
7109 
7110 
7111 
7112 
7113 
7114 
7115 
7116 
7117 
7118 
7119 
7120 
7121 
7122 
7123 
7124 
7125 
7126 
7127 
7128 
7129 
7130 
7131 
7132 
23517 
7133 
23518 
7134 
23519 
7135 
23520 
7136 
23521 
7137 
23522 
7138 
23523 
7139 
23524 
7140 
23525 
7141 
23526 
7142 
23527 
7143 
23528 
7144 
23529 
7145 
23530 
7146 
23531 
7147 
23532 
7148 
23533 
7149 
23534 
7150 
23535 
7151 
23536 
7152 
23537 
7153 
23538 
7154 
23539 
7155 
23540 
7156 
23541 
7157 
23542 
7158 
23543 
7159 
23544 
7160 
23545 
7161 
23546 
7162 
23547 
7163 
23548 
7164 
23549 
7165 
23550 
7166 
23551 
7167 
23552 
7168 
23553 
7169 
23554 
7170 
23555 
7171 
23556 
7172 
23557 
7173 
23558 
7174 
23559 
7175 
23560 
7176 
23561 
7177 
23562 
7178 
23563 
7179 
23564 
7180 
23565 
7181 
23566 
7182 
23567 
7183 
23568 
7184 
23569 
7185 
23570 
7186 
23571 
7187 
23572 
7188 
23573 
7189 
23574 
7190 
23575 
7191 
23576 
7192 
23577 
7193 
23578 
7194 
23579 
7195 
23580 
7196 
23581 
7197 
23582 
7198 
23583 
7199 
23584 
7200 
23585 
7201 
23586 
7202 
23587 
7203 
23588 
7204 
23589 
7205 
23590 
7206 
23591 
7207 
23592 
7208 
23593 
7209 
23594 
7210 
23595 
7211 
23596 
7212 
23597 
7213 
23598 
7214 
23599 
7215 
23600 
7216 
23601 
7217 
23602 
7218 
23603 
7219 
23604 
7220 
23605 
7221 
23606 
7222 
23607 
7223 
23608 
7224 
23609 
7225 
23610 
7226 
23611 
7227 
23612 
7228 
23613 
7229 
23614 
7230 
23615 
7231 
23616 
7232 
23617 
7233 
23618 
7234 
23619 
7235 
23620 
7236 
23621 
7237 
23622 
7238 
23623 
7239 
23624 
7240 
23625 
7241 
23626 
7242 
23627 
7243 
23628 
7244 
23629 
7245 
23630 
7246 
23631 
7247 
23632 
7248 
23633 
7249 
23634 
7250 
23635 
7251 
23636 
7252 
23637 
7253 
23638 
7254 
23639 
7255 
23640 
7256 
23641 
7257 
23642 
7258 
23643 
7259 
23644 
7260 
23645 
7261 
23646 
7262 
23647 
7263 
23648 
7264 
23649 
7265 
23650 
7266 
23651 
7267 
23652 
7268 
23653 
7269 
23654 
7270 
23655 
7271 
23656 
7272 
23657 
7273 
23658 
7274 
23659 
7275 
23660 
7276 
23661 
7277 
23662 
7278 
23663 
7279 
23664 
7280 
23665 
7281 
23666 
7282 
23667 
7283 
23668 
7284 
23669 
7285 
23670 
7286 
23671 
7287 
23672 
7288 
23673 
7289 
23674 
7290 
23675 
7291 
23676 
7292 
23677 
7293 
23678 
7294 
23679 
7295 
23680 
7296 
23681 
7297 
23682 
7298 
23683 
7299 
23684 
7300 
23685 
7301 
23686 
7302 
23687 
7303 
23688 
7304 
23689 
7305 
23690 
7306 
23691 
7307 
23692 
7308 
23693 
7309 
23694 
7310 
23695 
7311 
23696 
7312 
23697 
7313 
23698 
7314 
23699 
7315 
23700 
7316 
23701 
7317 
23702 
7318 
23703 
7319 
23704 
7320 
23705 
7321 
23706 
7322 
23707 
7323 
23708 
7324 
23709 
7325 
23710 
7326 
23711 
7327 
23712 
7328 
23713 
7329 
23714 
7330 
23715 
7331 
23716 
7332 
23717 
7333 
23718 
7334 
23719 
7335 
23720 
7336 
23721 
7337 
23722 
7338 
23723 
7339 
23724 
7340 
23725 
7341 
23726 
7342 
23727 
7343 
23728 
7344 
23729 
7345 
23730 
7346 
23731 
7347 
23732 
7348 
23733 
7349 
23734 
7350 
23735 
7351 
23736 
7352 
23737 
7353 
23738 
7354 
23739 
7355 
23740 
7356 
23741 
7357 
23742 
7358 
23743 
7359 
23744 
7360 
23745 
7361 
23746 
7362 
23747 
7363 
23748 
7364 
23749 
7365 
23750 
7366 
23751 
7367 
23752 
7368 
23753 
7369 
23754 
7370 
23755 
7371 
23756 
7372 
23757 
7373 
23758 
7374 
23759 
7375 
23760 
7376 
23761 
7377 
23762 
7378 
23763 
7379 
23764 
7380 
23765 
7381 
23766 
7382 
23767 
7383 
23768 
7384 
23769 
7385 
23770 
7386 
23771 
7387 
23772 
7388 
23773 
7389 
23774 
7390 
23775 
7391 
23776 
7392 
23777 
7393 
23778 
7394 
23779 
7395 
23780 
7396 
23781 
7397 
23782 
7398 
23783 
7399 
23784 
7400 
23785 
7401 
23786 
7402 
23787 
7403 
23788 
7404 
23789 
7405 
23790 
7406 
23791 
7407 
23792 
7408 
23793 
7409 
23794 
7410 
23795 
7411 
23796 
7412 
23797 
7413 
23798 
7414 
23799 
7415 
23800 
7416 
23801 
7417 
23802 
7418 
23803 
7419 
23804 
7420 
23805 
7421 
23806 
7422 
23807 
7423 
23808 
7424 
23809 
7425 
23810 
7426 
23811 
7427 
23812 
7428 
23813 
7429 
23814 
7430 
23815 
7431 
23816 
7432 
23817 
7433 
23818 
7434 
23819 
7435 
23820 
7436 
23821 
7437 
23822 
7438 
23823 
7439 
23824 
7440 
23825 
7441 
23826 
7442 
23827 
7443 
23828 
7444 
23829 
7445 
23830 
7446 
23831 
7447 
23832 
7448 
23833 
7449 
23834 
7450 
23835 
7451 
23836 
7452 
23837 
7453 
23838 
7454 
23839 
7455 
23840 
7456 
23841 
7457 
23842 
7458 
23843 
7459 
23844 
7460 
23845 
7461 
23846 
7462 
23847 
7463 
23848 
7464 
23849 
7465 
23850 
7466 
23851 
7467 
23852 
7468 
23853 
7469 
23854 
7470 
23855 
7471 
23856 
7472 
23857 
7473 
23858 
7474 
23859 
7475 
23860 
7476 
23861 
7477 
23862 
7478 
23863 
7479 
23864 
7480 
23865 
7481 
23866 
7482 
23867 
7483 
23868 
7484 
23869 
7485 
23870 
7486 
23871 
7487 
23872 
7488 
23873 
7489 
23874 
7490 
23875 
7491 
23876 
7492 
23877 
7493 
23878 
7494 
23879 
7495 
23880 
7496 
23881 
7497 
23882 
7498 
23883 
7499 
23884 
7500 
23885 
7501 
23886 
7502 
23887 
7503 
23888 
7504 
23889 
7505 
23890 
7506 
23891 
7507 
23892 
7508 
23893 
7509 
23894 
7510 
23895 
7511 
23896 
7512 
23897 
7513 
23898 
7514 
23899 
7515 
23900 
7516 
23901 
7517 
23902 
7518 
23903 
7519 
23904 
7520 
23905 
7521 
23906 
7522 
23907 
7523 
23908 
7524 
23909 
7525 
23910 
7526 
23911 
7527 
23912 
7528 
23913 
7529 
23914 
7530 
23915 
7531 
23916 
7532 
23917 
7533 
23918 
7534 
23919 
7535 
23920 
7536 
23921 
7537 
23922 
7538 
23923 
7539 
23924 
7540 
23925 
7541 
23926 
7542 
23927 
7543 
23928 
7544 
23929 
7545 
23930 
7546 
23931 
7547 
23932 
7548 
23933 
7549 
23934 
7550 
23935 
7551 
23936 
7552 
23937 
7553 
23938 
7554 
23939 
7555 
23940 
7556 
23941 
7557 
23942 
7558 
23943 
7559 
23944 
7560 
23945 
7561 
23946 
7562 
23947 
7563 
23948 
7564 
23949 
7565 
23950 
7566 
23951 
7567 
23952 
7568 
23953 
7569 
23954 
7570 
23955 
7571 
23956 
7572 
23957 
7573 
23958 
7574 
23959 
7575 
23960 
7576 
23961 
7577 
23962 
7578 
23963 
7579 
23964 
7580 
23965 
7581 
23966 
7582 
23967 
7583 
23968 
7584 
23969 
7585 
23970 
7586 
23971 
7587 
23972 
7588 
23973 
7589 
23974 
7590 
23975 
7591 
23976 
7592 
23977 
7593 
23978 
7594 
23979 
7595 
23980 
7596 
23981 
7597 
23982 
7598 
23983 
7599 
23984 
7600 
23985 
7601 
23986 
7602 
23987 
7603 
23988 
7604 
23989 
7605 
23990 
7606 
23991 
7607 
23992 
7608 
23993 
7609 
23994 
7610 
23995 
7611 
23996 
7612 
23997 
7613 
23998 
7614 
23999 
7615 
24000 
7616 
24001 
7617 
24002 
7618 
24003 
7619 
24004 
7620 
24005 
7621 
24006 
7622 
24007 
7623 
24008 
7624 
24009 
7625 
24010 
7626 
24011 
7627 
24012 
7628 
24013 
7629 
24014 
7630 
24015 
7631 
24016 
7632 
24017 
7633 
24018 
7634 
24019 
7635 
24020 
7636 
24021 
7637 
24022 
7638 
24023 
7639 
24024 
7640 
24025 
7641 
24026 
7642 
24027 
7643 
24028 
7644 
24029 
7645 
24030 
7646 
24031 
7647 
24032 
7648 
24033 
7649 
24034 
7650 
24035 
7651 
24036 
7652 
24037 
24038 
24039 
24040 
24041 
24042 
24043 
24044 
24045 
24046 
24047 
24048 
24049 
24050 
24051 
24052 
24053 
24054 
24055 
24056 
24057 
24058 
24059 
24060 
24061 
24062 
24063 
24064 
24065 
24066 
24067 
24068 
24069 
24070 
24071 
24072 
24073 
24074 
24075 
24076 
24077 
24078 
24079 
24080 
24081 
24082 
24083 
24084 
24085 
24086 
24087 
24088 
24089 
24090 
24091 
24092 
24093 
24094 
24095 
24096 
24097 
24098 
24099 
24100 
24101 
24102 
24103 
24104 
24105 
24106 
24107 
24108 
24109 
24110 
24111 
24112 
24113 
24114 
24115 
24116 
24117 
24118 
24119 
24120 
24121 
24122 
24123 
24124 
24125 
24126 
24127 
24128 
24129 
24130 
24131 
24132 
24133 
24134 
24135 
24136 
24137 
24138 
24139 
24140 
24141 
24142 
24143 
24144 
24145 
24146 
24147 
24148 
24149 
24150 
24151 
24152 
24153 
24154 
24155 
24156 
24157 
24158 
24159 
24160 
24161 
24162 
24163 
24164 
24165 
24166 
24167 
24168 
24169 
24170 
24171 
24172 
24173 
24174 
24175 
24176 
24177 
24178 
24179 
24180 
24181 
24182 
24183 
24184 
24185 
24186 
24187 
24188 
24189 
24190 
24191 
24192 
24193 
24194 
24195 
24196 
24197 
24198 
24199 
24200 
24201 
24202 
24203 
24204 
24205 
24206 
24207 
24208 
24209 
24210 
24211 
24212 
24213 
24214 
24215 
24216 
24217 
24218 
24219 
24220 
24221 
24222 
24223 
24224 
24225 
24226 
24227 
24228 
24229 
24230 
24231 
24232 
24233 
24234 
24235 
24236 
24237 
24238 
24239 
24240 
24241 
24242 
24243 
24244 
24245 
24246 
24247 
24248 
24249 
24250 
24251 
24252 
24253 
24254 
24255 
24256 
24257 
24258 
24259 
24260 
24261 
24262 
24263 
24264 
24265 
24266 
24267 
24268 
24269 
24270 
24271 
24272 
24273 
24274 
24275 
24276 
24277 
24278 
24279 
24280 
24281 
24282 
24283 
24284 
24285 
24286 
24287 
24288 
24289 
24290 
24291 
24292 
24293 
24294 
24295 
24296 
24297 
24298 
24299 
24300 
24301 
24302 
24303 
24304 
24305 
24306 
24307 
24308 
24309 
24310 
24311 
24312 
24313 
24314 
24315 
24316 
24317 
24318 
24319 
24320 
24321 
24322 
24323 
24324 
24325 
24326 
24327 
24328 
24329 
24330 
24331 
24332 
24333 
24334 
24335 
24336 
24337 
24338 
24339 
24340 
24341 
24342 
24343 
24344 
24345 
24346 
24347 
24348 
24349 
24350 
24351 
24352 
24353 
24354 
24355 
24356 
24357 
24358 
24359 
24360 
24361 
24362 
24363 
24364 
24365 
24366 
24367 
24368 
24369 
24370 
24371 
24372 
24373 
24374 
24375 
24376 
24377 
24378 
24379 
24380 
24381 
24382 
24383 
24384 
24385 
24386 
24387 
24388 
24389 
24390 
24391 
24392 
24393 
24394 
24395 
24396 
24397 
24398 
24399 
24400 
24401 
24402 
24403 
24404 
24405 
24406 
24407 
24408 
24409 
24410 
24411 
24412 
24413 
24414 
24415 
24416 
24417 
24418 
24419 
24420 
24421 
24422 
24423 
24424 
24425 
24426 
24427 
24428 
24429 
24430 
24431 
24432 
24433 
24434 
24435 
24436 
24437 
24438 
24439 
24440 
24441 
24442 
24443 
24444 
24445 
24446 
24447 
24448 
24449 
24450 
24451 
24452 
24453 
24454 
24455 
24456 
24457 
24458 
24459 
24460 
24461 
24462 
24463 
24464 
24465 
24466 
24467 
24468 
24469 
24470 
24471 
24472 
24473 
24474 
24475 
24476 
24477 
24478 
24479 
24480 
24481 
24482 
24483 
24484 
24485 
24486 
24487 
24488 
24489 
24490 
24491 
24492 
24493 
24494 
24495 
24496 
24497 
24498 
24499 
24500 
24501 
24502 
24503 
24504 
24505 
24506 
24507 
24508 
24509 
24510 
24511 
24512 
24513 
24514 
24515 
24516 
24517 
24518 
24519 
24520 
24521 
24522 
24523 
24524 
24525 
24526 
24527 
24528 
24529 
24530 
24531 
24532 
24533 
24534 
24535 
24536 
24537 
24538 
24539 
24540 
24541 
24542 
24543 
24544 
24545 
24546 
24547 
24548 
24549 
24550 
24551 
24552 
24553 
24554 
24555 
24556 
24557 
24558 
24559 
24560 
24561 
24562 
24563 
24564 
24565 
24566 
24567 
24568 
24569 
24570 
24571 
24572 
24573 
24574 
24575 
)

// ************************************************************************* //
